
 id     r        dr       g        dg        u        du       i        di       z        dz       zspec
12950 20.8498 0.0871242 20.8860 0.00595566 19.9325 0.0142627 20.0788 0.0358603 19.8511 0.0755398 2.50500000 
14776 20.2984 0.0462050 20.6447 0.00421725 19.2952 0.00883540 20.0889 0.0349419 20.4333 0.0782677 1.89500000 
15357 20.8883 0.0642169 21.7938 0.0122221 22.1299 0.0922885 20.5905 0.0440319 20.0958 0.0994445 3.40500000 
17470 15.3928 0.00187072 16.4288 0.000497665 16.1900 0.00213936 15.0507 0.00114089 14.7237 0.00232644 0.03905500 
17027 21.1361 0.0854428 21.3559 0.00747357 20.6440 0.0294328 20.8778 0.0560247 21.2004 0.124193 2.36500000 
18867 16.8387 0.00414626 18.0323 0.000996666 18.0114 0.00551559 16.5715 0.00245391 16.2880 0.00516816 0.08753100 
17229 20.0404 0.0489051 21.0478 0.00683995 19.9232 0.0152216 19.7311 0.0229052 19.3747 0.0480701 0.48255100 
19327 17.0371 0.00390940 18.1786 0.000864832 18.0723 0.00454952 16.8834 0.00234270 16.4978 0.00508565 0.08872100 
19051 18.1322 0.0107634 18.9791 0.00166109 18.3634 0.00588584 17.8946 0.00614873 17.7270 0.0140456 0.14209300 
19452 18.4029 0.0131685 19.3260 0.00206952 18.8870 0.00856176 18.4161 0.00952614 17.9728 0.0203770 0.08973800 
19616 19.4654 0.0286941 20.6070 0.00717552 20.0639 0.0243584 18.5354 0.0119554 18.1664 0.0246537 0.38880000 
19771 18.1153 0.0145105 18.7795 0.00219040 18.1207 0.00642018 17.8826 0.00824679 17.9623 0.0239148 0.14239500 
19338 20.9845 0.0775890 21.5952 0.00882099 20.8190 0.0289878 20.7047 0.0654241 21.2379 0.148063 2.18500000 
20494 21.0123 0.0906927 21.1699 0.00686725 20.1166 0.0172164 20.9838 0.0706782 20.7164 0.140848 2.70841600 
21137 20.4082 0.0458597 20.9426 0.00509634 19.5691 0.0104317 20.0874 0.0243801 19.8403 0.0701269 1.92934000 
22207 18.4102 0.0180258 19.0704 0.00276126 18.3752 0.00867845 18.1476 0.0103319 18.1752 0.0281382 0.13804800 
23388 18.2007 0.0163869 20.3454 0.00844876 20.9195 0.0589456 17.4900 0.00652521 17.4364 0.0177855 0.36733400 
22543 21.0166 0.0897624 21.6838 0.00917779 21.0538 0.0426047 20.5636 0.0454250 21.1149 0.154013 3.20500000 
24289 17.1110 0.00632688 17.8419 0.00101771 17.2651 0.00347339 16.8282 0.00360319 16.7676 0.00964916 0.09026500 
25207 17.0296 0.00506901 17.9601 0.000910040 17.5289 0.00358719 16.6778 0.00281389 16.5582 0.00680878 0.09032400 
23438 20.5222 0.0558007 20.7784 0.00434118 19.0289 0.00638460 20.2819 0.0363349 20.2971 0.0878513 1.96500000 
23625 20.3023 0.0394988 20.4009 0.00317049 19.3271 0.00842993 19.4745 0.0248059 19.2049 0.0431152 2.25500000 
24377 16.4044 0.00272517 17.4921 0.000696705 17.3743 0.00338565 15.9824 0.00155735 15.8228 0.00333082 0.08774500 
24596 19.1961 0.0325504 21.5106 0.0187872 22.3569 0.130258 18.5136 0.0146041 18.3263 0.0305091 0.45994200 
24913 16.9873 0.00265611 17.6054 0.000293210 15.6415 0.000338311 16.8642 0.00190803 16.7564 0.00433710 1.38500000 
25783 19.4359 0.0256718 21.3106 0.0142075 21.2531 0.0803466 18.7165 0.0135418 18.3339 0.0275608 0.39948200 
26214 19.0697 0.0211973 20.8026 0.0129333 21.9686 0.102501 18.2103 0.0109271 17.9635 0.0216611 0.39872500 
26439 18.5843 0.0132965 19.7387 0.00303928 19.3449 0.0125239 18.1565 0.00716356 17.9031 0.0162567 0.20040500 
26600 19.3506 0.0195536 19.8651 0.00197276 18.7934 0.00526389 19.2559 0.0150596 19.1979 0.0390698 0.78305700 
27045 18.0935 0.0189958 18.8451 0.00261483 18.0812 0.00778447 17.9351 0.0114955 18.1027 0.0325312 0.12318000 
26779 18.5032 0.0143143 19.7715 0.00309302 19.7197 0.0150054 18.1131 0.00807010 17.9091 0.0180606 0.16566600 
27522 18.5322 0.0210763 20.5202 0.00927525 21.0164 0.0524731 17.7601 0.00969606 17.5700 0.0193868 0.39851300 
27590 17.9217 0.0109781 18.7710 0.00191826 18.2186 0.00686306 17.5555 0.00624397 17.3668 0.0164833 0.11925500 
27430 19.5569 0.0296584 20.6452 0.00464830 19.8068 0.0127915 18.9989 0.0140925 18.8214 0.0344221 0.27456500 
27377 20.5320 0.0577445 21.1242 0.00583009 19.4229 0.00899701 20.2807 0.0385786 20.1334 0.0867661 1.95500000 
27622 19.7533 0.0307097 20.0192 0.00223548 18.3560 0.00378178 19.8422 0.0277912 20.1706 0.0663986 1.27500000 
28106 16.7701 0.00785785 17.5990 0.00159468 17.1721 0.00598178 16.4298 0.00469291 16.3068 0.0112626 0.08765700 
27840 18.5799 0.0114320 19.7896 0.00237962 18.5469 0.00444774 18.3020 0.00725915 17.9958 0.0145896 0.30854800 
27940 18.1534 0.0131726 19.1213 0.00235170 18.7247 0.00985118 17.9256 0.00796979 17.7123 0.0196829 0.08128600 
28004 18.2794 0.0139523 19.1344 0.00241443 18.6981 0.00949954 18.0222 0.00852482 17.9579 0.0218544 0.08845500 
28110 16.6292 0.00430624 17.7264 0.00100715 17.3922 0.00381261 16.2319 0.00238660 16.1425 0.00580636 0.14302400 
28395 19.4311 0.0332683 21.6364 0.0166343 22.0957 0.114075 18.9033 0.0148540 18.4411 0.0270948 0.49778900 
29053 18.5977 0.0151845 20.1270 0.00376175 20.1540 0.0271942 18.1796 0.00747354 17.9208 0.0164301 0.18550000 
29504 18.8505 0.0214769 19.3854 0.00273017 18.5370 0.00697640 18.7239 0.0134614 18.6496 0.0408400 0.04945000 
29038 20.4577 0.0575189 21.2831 0.00756342 20.2540 0.0196364 20.3247 0.0387368 20.3828 0.112745 0.31000000 
29987 18.6526 0.0180110 19.4031 0.00247707 18.7168 0.00764429 18.2793 0.0103953 18.2005 0.0303420 0.14300200 
30911 17.6706 0.00739652 18.5389 0.00138194 18.1549 0.00590552 17.3135 0.00452803 17.1992 0.00980209 0.08750700 
30928 20.3531 0.0591690 20.5804 0.00374828 19.5329 0.0102225 20.2820 0.0405486 20.3750 0.0919082 2.25500000 
31591 19.8773 0.0521567 20.6549 0.00705709 19.7873 0.0212488 19.6459 0.0272664 19.8212 0.0898597 0.20696900 
33430 17.7496 0.00890746 19.1043 0.00261675 19.0958 0.0176623 17.2205 0.00452664 16.9245 0.00997988 0.16941300 
32770 20.1280 0.0347255 20.5328 0.00380424 19.6054 0.0111718 19.9008 0.0312009 19.9971 0.0731042 2.46610000 
33066 22.3607 0.193593 22.0872 0.0127508 21.0280 0.0325686 21.3748 0.0831559 22.0619 0.242356 0.66368400 
35055 18.9069 0.0220775 21.0763 0.0103091 21.7840 0.108087 18.1188 0.00973384 18.0484 0.0203168 0.42450700 
35248 18.8261 0.0214042 20.7264 0.00889660 21.0921 0.0618433 18.1434 0.00927928 17.9371 0.0208757 0.33011800 
35274 20.0148 0.0534426 21.8805 0.0216989 21.6519 0.0774351 19.2978 0.0250554 19.2761 0.0533458 0.53459300 
36188 17.3171 0.00566373 18.1717 0.000950774 17.6018 0.00335840 16.8843 0.00303944 16.8823 0.00789776 0.14256500 
36367 20.8210 0.0861389 21.6907 0.0100349 20.7689 0.0378291 20.8321 0.0807660 20.7862 0.138126 1.52500000 
36867 19.9960 0.0343663 20.5163 0.00373279 19.2945 0.00853084 19.8062 0.0219917 19.7487 0.0631389 1.64093500 
37327 19.0148 0.0207732 20.0233 0.00430855 19.6270 0.0164119 18.8018 0.0148596 18.5141 0.0297825 0.14655000 
37599 19.1305 0.0270288 21.2958 0.0135079 21.9290 0.103222 18.4400 0.0127797 18.3083 0.0305172 0.37235800 
37643 21.5576 0.0972260 21.4630 0.00728139 19.4551 0.00902836 21.0025 0.0539279 20.8190 0.145160 2.02500000 
38087 17.9416 0.0113473 18.9040 0.00225272 18.4504 0.00902859 17.5960 0.00637237 17.5673 0.0152245 0.12487200 
38339 17.3241 0.00630559 18.5232 0.00167984 18.5028 0.00977081 16.9055 0.00344403 16.7303 0.00789375 0.12545900 
38066 20.1913 0.0512067 20.6920 0.00437996 19.1943 0.00777864 20.4482 0.0368516 19.8973 0.0878319 1.30500000 
38387 18.3172 0.0145879 19.1335 0.00261270 18.5674 0.0107562 18.0617 0.00903138 18.1139 0.0218861 0.12591200 
39356 16.9816 0.00582831 17.9885 0.00150056 17.6312 0.00625506 16.6266 0.00351238 16.4202 0.00748557 0.14967900 
39298 18.1733 0.0129474 18.8237 0.00227886 18.2717 0.00806859 18.0137 0.00870788 17.9366 0.0241754 0.07785200 
39665 16.3986 0.00304131 17.6414 0.000960675 17.7703 0.00550892 15.9781 0.00178280 15.8083 0.00381629 0.12528900 
39432 19.0626 0.0174059 19.7095 0.00190706 18.8187 0.00547094 19.0445 0.0126928 18.9652 0.0285861 0.34139600 
39650 20.2452 0.0404876 20.7636 0.00419262 19.3570 0.00833677 20.1720 0.0303775 20.1014 0.0714395 1.44500000 
39934 19.3218 0.0262805 19.9322 0.00361938 19.3521 0.0114986 19.1978 0.0158212 18.9959 0.0465099 0.16370500 
40752 16.6921 0.00437101 17.9744 0.00133787 17.9734 0.00677121 16.2094 0.00237479 15.9932 0.00507657 0.16373700 
40261 20.2216 0.0502282 20.5861 0.00426150 19.2842 0.00839961 19.9905 0.0378212 20.0851 0.0863078 1.21500000 
40498 21.4409 0.121975 21.8761 0.0119583 20.4162 0.0219202 21.1904 0.0639849 21.9279 0.200771 1.46500000 
41247 19.1894 0.0258077 21.1675 0.0111333 21.5390 0.0795690 18.5114 0.0109807 18.3390 0.0213050 0.48263800 
41721 17.4513 0.00706613 18.5172 0.00139682 18.1764 0.00588223 17.0414 0.00365410 16.9627 0.00910244 0.12637700 
41739 20.1182 0.0526926 21.8382 0.0198955 21.7488 0.0983685 19.1837 0.0210435 18.9985 0.0427525 0.60452100 
42172 17.8641 0.0101300 18.7199 0.00179323 18.2762 0.00711196 17.5687 0.00585905 17.4073 0.0151678 0.08044100 
43014 17.6714 0.0105187 18.5489 0.00179296 18.1018 0.00632083 17.2024 0.00514975 17.0712 0.0124412 0.14747100 
42212 19.6486 0.0384108 21.7366 0.0173158 22.1738 0.127973 19.0224 0.0162522 18.7290 0.0364212 0.47397800 
42942 17.5031 0.00882135 18.6141 0.00210254 18.2444 0.00927625 17.1291 0.00461628 16.8616 0.0109788 0.14919700 
43302 16.0608 0.00331528 17.0667 0.000729463 16.7148 0.00323235 15.6487 0.00180245 15.4184 0.00382486 0.05932800 
42629 20.2233 0.0534271 21.9159 0.0111147 22.0494 0.109947 19.8597 0.0297005 19.4998 0.0595578 4.45500000 
43239 17.3454 0.00591346 18.7707 0.00166563 18.8787 0.00973377 16.9069 0.00322450 16.6168 0.00734513 0.16238500 
43649 16.7632 0.00621174 17.5037 0.00104334 16.8942 0.00323039 16.6074 0.00407143 16.5098 0.0106868 0.05828000 
43274 17.8676 0.00763886 18.9684 0.00168397 18.8384 0.00905998 17.4236 0.00415410 17.2441 0.00963454 0.09184000 
43243 20.6802 0.0758070 21.3212 0.00707408 19.9849 0.0146292 20.8006 0.0644216 21.2177 0.154827 1.15500000 
43333 20.1355 0.0444715 21.5780 0.0124777 21.5581 0.0729660 19.4827 0.0248628 19.3114 0.0390647 0.32860800 
44071 17.9255 0.0102918 18.9546 0.00207296 18.6170 0.00873764 17.4802 0.00541704 17.3729 0.0126345 0.13166000 
43639 20.6637 0.0745202 21.1285 0.00578231 19.6828 0.0115072 20.8087 0.0630742 20.7481 0.148864 1.47500000 
44276 16.1903 0.00236476 17.3786 0.000572667 17.2239 0.00284554 15.7904 0.00136614 15.5854 0.00289553 0.06136100 
44601 18.2010 0.0119074 19.2969 0.00290249 19.0308 0.0119797 17.7462 0.00700227 17.4119 0.0146344 0.14657000 
43996 21.0353 0.0962276 22.5995 0.0209796 23.1951 0.197161 20.4538 0.0492123 20.6198 0.126461 4.23500000 
44285 18.6659 0.0153202 19.3100 0.00232164 18.5107 0.00711013 18.2913 0.00936802 18.4698 0.0285187 0.17757000 
45342 16.4415 0.00366335 17.7349 0.00121696 17.7950 0.00676802 16.0483 0.00215228 15.7480 0.00445372 0.14664800 
45381 15.7474 0.00260959 16.8673 0.000715966 16.7998 0.00367444 15.3514 0.00147728 15.1744 0.00339584 0.05985400 
44536 21.3446 0.0866478 21.8190 0.0104515 20.3759 0.0229235 21.0424 0.0580930 21.2390 0.182959 2.25500000 
44946 20.1019 0.0425215 20.7731 0.00497667 19.4182 0.00972956 19.6739 0.0264772 19.4063 0.0524739 0.48304500 
45256 17.9574 0.0137383 18.9439 0.00305883 18.4288 0.0112495 17.3927 0.00632862 17.4380 0.0176675 0.18817300 
45104 18.5335 0.0108036 19.2309 0.00111362 18.0227 0.00267518 18.4583 0.00799272 18.3439 0.0179572 0.88518700 
45379 18.6200 0.0172722 20.4043 0.00704655 20.8326 0.0461719 17.8820 0.00852843 17.8894 0.0179807 0.31622700 
45311 20.1363 0.0327066 20.5599 0.00361461 19.2507 0.00766413 19.8137 0.0271702 19.7051 0.0530162 1.44500000 
45530 19.1819 0.0230244 21.0927 0.00995800 21.1035 0.0697878 18.6519 0.0115806 18.2012 0.0209195 0.37675300 
45513 20.4526 0.0623802 21.2155 0.00615516 20.5325 0.0221701 20.2653 0.0427964 20.0548 0.100179 1.54500000 
45867 18.2742 0.0121834 19.4642 0.00302497 19.1436 0.0138764 17.8598 0.00745986 17.6563 0.0151078 0.16448100 
45793 18.4685 0.0102332 18.9713 0.000941778 17.6453 0.00192517 18.2865 0.00649682 18.2916 0.0169104 1.59604100 
45899 17.9050 0.0109869 19.4889 0.00374067 19.6423 0.0256515 17.3604 0.00578117 17.0944 0.0121125 0.18893300 
45862 20.2794 0.0648832 22.0654 0.0199942 21.4406 0.0688427 19.5641 0.0289248 19.3130 0.0556911 0.62107400 
45963 20.8653 0.0795125 21.5774 0.00825323 20.7981 0.0304890 20.7496 0.0568990 21.5637 0.191769 3.40500000 
46114 21.1053 0.100058 22.5418 0.0206656 22.3624 0.113516 21.1487 0.0682162 21.0590 0.149237 3.78500000 
46886 19.9014 0.0345765 20.3954 0.00310629 20.1393 0.0169856 19.9984 0.0280865 20.1405 0.0640450 2.94500000 
47362 18.5600 0.0168817 20.4180 0.00646245 20.6235 0.0437462 17.9997 0.00801173 17.9592 0.0198440 0.31645200 
47664 16.0481 0.00207974 17.1222 0.000429965 16.7706 0.00190065 15.6914 0.00118666 15.4913 0.00264838 0.05686700 
48186 16.7028 0.00518671 18.1535 0.00163634 18.2714 0.0103783 16.2102 0.00261667 15.9884 0.00556038 0.14931100 
47282 21.3624 0.117113 21.8336 0.0121663 20.9575 0.0398113 20.1307 0.0449724 20.0834 0.0913155 0.74034500 
47684 19.1597 0.0277402 21.3578 0.0134648 22.2294 0.116854 18.5557 0.0122355 18.4527 0.0272158 0.40603500 
47991 19.7134 0.0319376 20.5873 0.00367399 19.6433 0.0101868 19.5655 0.0178807 19.3032 0.0474067 2.75190000 
48399 18.9393 0.0248476 20.7626 0.0118727 21.5164 0.0833199 18.1820 0.0108131 17.9282 0.0224810 0.33115700 
49035 18.3480 0.0157692 19.5825 0.00378099 19.4024 0.0177987 17.8313 0.00814359 17.5539 0.0195388 0.14944800 
48708 19.1829 0.0240871 21.0248 0.00941264 21.3153 0.0701296 18.6210 0.0114392 18.4263 0.0260983 0.30900800 
49352 19.4767 0.0241661 20.5219 0.00400343 19.4591 0.00948884 19.0056 0.0129303 18.8286 0.0317099 0.49685700 
49616 19.5863 0.0271253 20.0761 0.00236069 18.5666 0.00410219 19.5464 0.0219420 19.7331 0.0590073 1.42925400 
50564 18.5888 0.0162120 19.2219 0.00254041 18.6480 0.00864784 18.2584 0.0108035 18.1793 0.0283978 0.08816300 
50883 19.0468 0.0264314 19.7254 0.00327085 19.1453 0.0114806 18.7929 0.0141083 18.8495 0.0428424 0.11833200 
51665 18.0554 0.0104911 19.4025 0.00269802 19.4919 0.0173301 17.5517 0.00521406 17.3455 0.0121887 0.14987300 
52144 17.5082 0.00851156 18.5507 0.00155352 18.2105 0.00685900 17.0524 0.00417432 16.8835 0.0112834 0.13177600 
52154 21.3017 0.118240 21.7982 0.0108197 20.8036 0.0335787 21.2651 0.0621540 21.2013 0.198802 2.18500000 
52760 18.1227 0.0115185 19.0347 0.00228972 18.6302 0.00900173 17.7588 0.00711847 17.6739 0.0179731 0.14632000 
52478 18.9571 0.0162993 19.3739 0.00137650 17.7114 0.00202007 18.8052 0.0116027 18.4624 0.0206974 0.33651100 
52438 19.9214 0.0298604 20.4831 0.00353575 19.6710 0.0108765 19.8169 0.0207651 19.9361 0.0509266 2.50500000 
53416 18.5734 0.0127660 19.4174 0.00191485 18.6519 0.00545613 18.2017 0.00726741 18.2791 0.0179875 0.25488900 
53296 18.9637 0.0191375 19.7025 0.00241915 18.9758 0.00761844 18.8720 0.0124244 18.6493 0.0321402 0.16374200 
53614 17.3200 0.00753818 18.2725 0.00144275 17.8016 0.00527380 16.9786 0.00384972 16.7347 0.0102473 0.14856100 
53463 18.3870 0.0139664 19.1915 0.00220256 18.8045 0.00893499 18.0751 0.00797579 17.1334 0.0191599 0.12671400 
53238 21.4611 0.119350 21.9640 0.0117169 21.1372 0.0373363 21.2833 0.0768252 21.0294 0.159607 3.14500000 
53455 19.4488 0.0311507 20.4119 0.00484063 19.4102 0.0126816 19.2111 0.0197444 19.0956 0.0338108 0.36000000 
53660 18.7961 0.0199179 20.7986 0.00861305 21.3431 0.0716851 18.1504 0.00892117 17.9869 0.0214423 0.37715700 
53756 19.3031 0.0230507 20.2124 0.00378943 19.1594 0.0104197 19.0917 0.0159062 18.9636 0.0308948 0.36328800 
53741 18.7302 0.0132961 19.5140 0.00160611 18.7078 0.00492466 18.7445 0.0100554 18.4798 0.0188333 2.82308200 
54180 17.2708 0.00786010 18.6787 0.00255748 18.9140 0.0142174 16.8105 0.00405824 16.6303 0.00863421 0.16414600 
54528 17.4653 0.00764003 18.8923 0.00241573 19.1197 0.0146368 16.9303 0.00348762 16.6953 0.00713216 0.14776500 
54787 17.3060 0.00814168 18.4816 0.00232956 18.3776 0.0115091 16.9154 0.00443132 16.6553 0.00909296 0.14842800 
54335 20.3468 0.0429827 20.4243 0.00318301 18.9430 0.00576270 20.1559 0.0361027 20.4554 0.0720189 2.08500000 
54544 19.1714 0.0226954 20.1685 0.00440744 19.5078 0.0167634 18.7368 0.0144171 18.6860 0.0321326 0.25025000 
54591 19.7524 0.0362553 21.2335 0.0136221 20.7171 0.0502106 18.8517 0.0163430 18.7103 0.0359350 0.60451100 
55359 16.4782 0.00667253 17.3544 0.00135648 16.9284 0.00522415 16.3953 0.00439053 16.1696 0.0103898 0.08793900 
54614 20.3166 0.0379311 20.9637 0.00507726 19.7080 0.0112744 20.3865 0.0349800 20.3627 0.0893407 1.27500000 
55119 17.7169 0.00808028 19.0992 0.00279902 19.1566 0.0170177 16.4228 0.00560136 16.9934 0.0112252 0.18900000 
55256 18.2558 0.0130758 19.3028 0.00256515 18.8341 0.0105808 18.0415 0.00784812 17.8202 0.0172379 0.14691100 
55322 18.8809 0.0200639 20.0565 0.00381935 19.6275 0.0146140 18.5569 0.00974668 18.4320 0.0230823 0.20785300 
55613 20.3939 0.0570746 21.2687 0.00702000 20.2844 0.0188538 20.2537 0.0422345 20.3381 0.113731 2.18500000 
55868 19.1331 0.0285266 21.1240 0.0112053 21.0284 0.0703490 18.7533 0.0133413 18.2753 0.0286224 0.33795000 
56171 20.1554 0.0515516 20.6386 0.00403030 19.8679 0.0128464 19.8587 0.0244279 19.4951 0.0557587 2.47120000 
56555 17.8294 0.00553102 18.3109 0.000541493 16.6985 0.000846639 17.7043 0.00391790 17.5412 0.00912625 2.14238000 
56482 20.5823 0.0739180 20.9941 0.00531959 19.6691 0.0110349 20.3878 0.0485880 21.1149 0.136843 1.95500000 
56882 18.0517 0.0131831 19.8661 0.00577952 20.2929 0.0343903 17.4380 0.00604457 17.2808 0.0138819 0.31832400 
56848 18.9297 0.0217480 20.9565 0.00925174 21.5647 0.0860486 18.3184 0.00968403 18.0401 0.0212093 0.33793300 
56730 19.9641 0.0454863 21.9509 0.0182415 22.3224 0.133246 19.2948 0.0200560 19.0623 0.0425675 0.51701900 
56914 20.3617 0.0608503 22.1858 0.0230547 21.9019 0.0898706 19.6195 0.0282338 19.1786 0.0505426 0.51554800 
57659 14.9386 0.00124416 16.1631 0.000331985 16.2823 0.00204588 14.4988 0.000693996 14.2491 0.00153580 0.05893900 
56970 21.3552 0.115149 21.9566 0.0119913 21.4621 0.0553555 21.0006 0.0549303 21.2348 0.163221 2.62500000 
57154 20.7814 0.0782025 21.8573 0.0206050 21.1333 0.0702396 19.7090 0.0282209 19.6124 0.0575344 0.62762900 
57371 21.1925 0.0977837 21.9328 0.0122774 22.0936 0.0712254 20.7660 0.0562708 20.8950 0.137367 3.40500000 
57639 19.0116 0.0212380 19.6566 0.00316698 19.0284 0.00984752 18.6926 0.0124604 18.8547 0.0402769 0.15997600 
58057 17.5384 0.00862248 18.4308 0.00159884 17.9291 0.00556080 17.1453 0.00468663 17.0655 0.0128173 0.13724000 
57890 19.5572 0.0239538 20.1401 0.00259338 19.3151 0.00813272 19.4975 0.0186132 19.4247 0.0459183 0.23723200 
58144 19.9901 0.0483737 22.1564 0.0207853 22.9698 0.172138 19.3481 0.0197572 19.0480 0.0382907 0.49812000 
58472 17.2576 0.00548980 18.4879 0.00134822 18.2970 0.00692360 16.8434 0.00304034 16.6285 0.00704678 0.14796900 
58979 16.5081 0.00349522 17.5832 0.000839551 17.4048 0.00389692 16.0452 0.00177484 15.9609 0.00434788 0.13784600 
58632 18.5343 0.0198213 19.5095 0.00377943 19.1718 0.0166157 18.0468 0.00922478 18.0164 0.0269856 0.14012200 
58529 21.2590 0.108623 21.7006 0.00916756 20.8862 0.0278620 20.9304 0.0685209 21.3454 0.148512 1.35500000 
58700 21.2137 0.110970 20.9458 0.00531509 19.7427 0.0130811 20.5002 0.0539720 20.3594 0.113118 2.19500000 
58963 20.0821 0.0424266 20.5028 0.00346715 19.5290 0.00968180 20.0165 0.0304066 20.3520 0.0687688 2.56860300 
59307 18.4528 0.0203353 19.4183 0.00341722 18.9049 0.0118947 18.2306 0.0110579 17.7570 0.0287984 0.16402700 
59838 18.0388 0.0121031 18.7986 0.00225556 18.1503 0.00820056 17.7696 0.00753093 17.9004 0.0190044 0.13525900 
59608 17.4345 0.00716361 18.7805 0.00191572 18.7212 0.0109474 16.9784 0.00352171 16.7475 0.00711802 0.14742300 
59550 20.4777 0.0537049 20.9434 0.00492367 19.5327 0.0101876 20.0440 0.0351081 20.2879 0.0958689 1.08500000 
59990 18.6450 0.0192066 19.6108 0.00398627 19.0275 0.0140433 18.1885 0.0111915 18.2628 0.0260801 0.19896300 
59952 18.8596 0.0252129 20.6730 0.00922933 20.5809 0.0544678 18.3486 0.0122470 18.1200 0.0253294 0.33244200 
60539 17.2263 0.00569563 18.4152 0.00147650 18.4651 0.00838527 16.7451 0.00295028 16.6614 0.00707567 0.10794100 
60390 18.9542 0.0202277 19.8526 0.00326136 19.2823 0.0116595 18.6236 0.0122431 18.5139 0.0346401 0.13179800 
60546 17.8689 0.00973324 18.8134 0.00188361 18.2492 0.00676409 17.5046 0.00541505 17.3591 0.0146598 0.14760800 
60414 19.2899 0.0301740 20.5149 0.00641918 19.8353 0.0229483 18.9373 0.0147221 18.6942 0.0403235 0.30896900 
60531 21.4443 0.126101 21.6801 0.00907201 20.5487 0.0210491 20.8784 0.0603890 20.4677 0.116797 2.19500000 
60880 19.6505 0.0319569 21.4324 0.0137963 21.9739 0.111430 18.7917 0.0129769 18.3834 0.0253377 0.44129200 
60923 21.0181 0.0936979 21.6558 0.00846745 20.2136 0.0161664 20.8690 0.0606482 20.6589 0.129487 1.84500000 
62024 20.5064 0.0616513 21.1038 0.00584439 19.8228 0.0122076 20.7302 0.0427357 20.6477 0.105566 0.96983900 
62384 17.9639 0.0121376 19.9189 0.00544871 20.3564 0.0400841 17.3208 0.00537957 17.1852 0.0140761 0.31597100 
62602 17.2507 0.00822625 18.0072 0.00144310 17.3087 0.00449107 17.1350 0.00545236 17.0816 0.0153291 0.06178700 
62419 17.7931 0.0106542 18.7639 0.00212838 18.1475 0.00735479 17.5399 0.00584969 17.3702 0.0144364 0.19025500 
62780 17.4599 0.00853203 18.6167 0.00194960 18.5091 0.0103801 17.0910 0.00461086 16.9870 0.0118098 0.05797200 
63234 18.0256 0.0111605 19.2389 0.00278557 18.6615 0.00973706 17.6448 0.00629795 17.6054 0.0177045 0.24306200 
62652 18.9499 0.0250812 21.0709 0.0109867 21.0893 0.0736849 18.4403 0.0119853 18.2974 0.0277036 0.30918500 
62885 17.9385 0.00922854 18.8751 0.00173068 18.6178 0.00854991 17.5586 0.00531102 17.4872 0.0135844 0.08776000 
62573 20.5899 0.0672246 21.1554 0.00577858 20.2220 0.0160706 20.5805 0.0471401 20.5903 0.127280 2.25500000 
62770 18.6948 0.0257034 19.4957 0.00424505 18.9626 0.0140758 18.4661 0.0163281 18.4638 0.0448190 0.08113800 
63270 16.7938 0.00434930 17.9476 0.00111264 17.8627 0.00564305 16.4010 0.00238384 16.2959 0.00543878 0.06132000 
63698 17.3895 0.00620553 18.4334 0.00126868 17.9085 0.00456291 16.9446 0.00315762 16.9121 0.00829782 0.20999800 
64170 17.1589 0.00500757 18.0433 0.000877069 17.6544 0.00354595 16.8136 0.00279211 16.7642 0.00775188 0.08754300 
64086 18.6236 0.0178055 19.3373 0.00236773 18.5211 0.00652458 18.4115 0.0128834 18.5709 0.0374406 0.05847800 
64268 19.1194 0.0279405 21.2338 0.0147238 22.2551 0.119659 18.5001 0.0134362 18.3282 0.0277882 0.41721600 
64867 17.7249 0.00898795 18.4579 0.00135012 17.6521 0.00332563 17.5608 0.00604442 17.6526 0.0164402 0.06076000 
65636 16.8661 0.00506112 17.7535 0.000962626 17.1833 0.00360813 16.6059 0.00295751 16.4614 0.00810233 0.05990600 
65468 18.5980 0.0219772 20.5229 0.00984834 20.8162 0.0614228 17.8713 0.00851584 17.7871 0.0214767 0.31650800 
66400 16.4170 0.00414636 17.1933 0.000734037 16.5169 0.00231905 16.2299 0.00275121 16.1104 0.00697239 0.05959600 
65675 18.8611 0.0168053 19.5234 0.00254201 18.8980 0.00831082 18.5204 0.0104865 18.5304 0.0298786 0.07298900 
66084 17.9169 0.00595417 18.3607 0.000567808 17.0621 0.00118640 17.7380 0.00397923 17.7851 0.0105775 1.84833400 
66387 19.5282 0.0291189 20.7046 0.00433579 20.7070 0.0294562 19.5099 0.0174336 19.3949 0.0442828 1.89832600 
66364 20.1880 0.0572041 21.8108 0.0268124 22.9441 0.154735 19.1847 0.0239758 19.0618 0.0507427 0.46135400 
66311 20.4514 0.0419776 20.5640 0.00374739 18.8928 0.00566923 19.8535 0.0273521 20.0178 0.0737657 2.11899300 
67589 17.9057 0.0160235 19.8068 0.00842860 20.6266 0.0527891 17.2246 0.00753682 17.0737 0.0161820 0.33242700 
69784 16.6275 0.00486006 17.2190 0.000734184 16.5321 0.00205092 16.4401 0.00327734 16.4097 0.00946226 0.06143300 
67419 20.9787 0.0912302 21.9007 0.0133331 21.6442 0.0551150 20.7213 0.0515707 20.7622 0.125656 2.62500000 
68353 17.4392 0.00523231 18.5444 0.00112824 18.4154 0.00599153 16.9432 0.00273255 16.8396 0.00664585 0.06091200 
68859 18.3955 0.0193671 19.3016 0.00347682 19.0148 0.0155917 18.1363 0.0113717 18.1788 0.0333166 0.06109400 
67859 20.5446 0.0531781 21.2143 0.00634971 19.5440 0.00997226 20.2772 0.0307726 20.2301 0.0922363 1.53500000 
69580 16.3225 0.00384770 17.5010 0.00103442 17.6214 0.00638504 15.7777 0.00191356 15.5753 0.00446739 0.05697600 
68149 20.6239 0.0699566 21.1858 0.00624433 19.2593 0.00794557 20.5417 0.0542681 20.7352 0.125627 1.84500000 
68899 17.4696 0.00884466 18.5896 0.00199170 18.1809 0.00893029 16.9930 0.00423592 16.9665 0.0112066 0.18975600 
68490 21.9514 0.100879 21.7697 0.0102014 20.9300 0.0351215 21.0571 0.0593343 21.5253 0.194455 2.25500000 
69191 19.3017 0.0178556 19.8476 0.00186297 18.1910 0.00304104 19.0899 0.0127321 19.2262 0.0373966 1.51294300 
69147 18.7471 0.0236104 20.6181 0.0102333 20.9265 0.0610357 18.0659 0.0103615 17.8657 0.0233003 0.32942900 
69407 18.2064 0.0139014 19.0584 0.00242005 18.5681 0.00896059 17.7489 0.00719624 17.8232 0.0199622 0.16055600 
68905 21.1189 0.100178 21.7614 0.0107345 20.7755 0.0304640 20.6408 0.0608850 20.4561 0.108573 2.25500000 
69864 17.4234 0.00617819 18.5698 0.00138423 18.3502 0.00794581 16.9377 0.00320439 16.7343 0.00719937 0.08853000 
69046 21.0685 0.0931662 21.7238 0.00920466 20.8139 0.0284800 20.8021 0.0683747 21.2343 0.165769 2.87500000 
69354 22.3193 0.182560 23.1883 0.0457076 22.0548 0.0842686 21.7257 0.117029 21.7987 0.235010 1.28500000 
70704 15.6719 0.00198150 16.6882 0.000490847 16.4778 0.00194707 15.2788 0.00115825 15.1998 0.00272233 0.06124500 
70001 17.9110 0.0117798 19.2107 0.00371620 19.5223 0.0221281 17.3355 0.00638029 17.0992 0.0129449 0.16192600 
69954 19.1116 0.0258269 19.9785 0.00515191 19.3842 0.0164249 18.6317 0.0149404 18.4141 0.0325100 0.21264100 
70360 17.0570 0.00544282 18.0987 0.00131375 18.0280 0.00642856 16.6372 0.00297035 16.5267 0.00736422 0.06130200 
70434 16.6109 0.00311862 17.5334 0.000597764 16.8734 0.00170883 16.3591 0.00202940 16.1989 0.00498076 0.03882400 
71368 17.3852 0.00954535 18.4343 0.00196104 18.0950 0.00870472 16.9902 0.00485515 16.8567 0.0120640 0.05851800 
70415 18.4570 0.0139362 19.1546 0.00203668 18.5901 0.00712918 18.0716 0.00727104 18.2298 0.0193380 0.13863000 
70327 20.1374 0.0428239 20.6839 0.00456007 19.2511 0.00777078 20.1609 0.0390660 20.5429 0.0885092 0.95500000 
70458 21.0151 0.0841800 21.4144 0.00746787 20.0931 0.0147915 20.9041 0.0636680 21.3179 0.185679 1.38500000 
70898 19.1581 0.0304515 21.3603 0.0125709 21.7320 0.0942338 18.4654 0.0121012 18.2801 0.0285643 0.43962800 
71078 18.4837 0.0100953 18.9470 0.000947992 17.6693 0.00204383 18.4632 0.00760845 18.3784 0.0205998 0.80846000 
70958 20.9996 0.0813666 21.9479 0.0127177 20.8194 0.0313207 20.5238 0.0457850 20.5911 0.127172 0.25500000 
71135 21.3438 0.0960985 21.8753 0.0120585 21.0555 0.0505326 20.7191 0.0570923 21.4603 0.178811 2.25500000 
71487 18.4155 0.00893765 19.2131 0.00117469 18.7213 0.00511300 18.4336 0.00683385 18.2846 0.0151735 0.05838500 
71768 18.3366 0.0116107 18.9074 0.00164994 18.0976 0.00484545 18.0567 0.00916637 18.0837 0.0212243 0.07030500 
72322 16.5448 0.00349965 17.4763 0.000726319 17.1151 0.00278706 16.1301 0.00194702 16.0815 0.00525978 0.05828500 
72400 17.0112 0.00609396 18.0405 0.00128887 17.7687 0.00597426 16.6816 0.00326134 16.5853 0.00834135 0.08748500 
71828 19.9008 0.0504244 21.6772 0.0214208 22.6335 0.121360 19.0315 0.0181962 19.1737 0.0454933 0.44215100 
71678 21.5849 0.123698 22.3572 0.0197057 21.9347 0.0994919 20.6334 0.0561558 20.3251 0.116062 3.02744100 
72018 19.7803 0.0314817 20.6773 0.00567633 20.3849 0.0247652 19.3216 0.0178073 19.3937 0.0418639 0.13738900 
73907 17.1031 0.00689925 18.6300 0.00211799 18.8282 0.0149470 16.9207 0.00372482 16.4831 0.00747456 0.16223500 
73615 16.8485 0.00571068 18.1996 0.00181442 18.3399 0.0111861 16.4998 0.00320881 16.1869 0.00670784 0.16335000 
73106 17.8175 0.00812290 19.2912 0.00227067 19.2467 0.0131128 17.5308 0.00467338 17.1959 0.00883940 0.16277200 
72927 18.8985 0.0168710 19.4014 0.00146670 17.9236 0.00255288 18.7841 0.00973159 18.8204 0.0329468 2.02364000 
72941 20.6780 0.0696481 21.1777 0.00591399 19.6010 0.00971966 20.5474 0.0462872 20.5929 0.116052 2.25500000 
73951 17.6482 0.00937142 18.4623 0.00252776 18.7451 0.0104343 17.2049 0.00551287 17.2406 0.0121993 0.05881000 
73505 17.9877 0.00668617 18.4317 0.000619314 16.8113 0.000947598 18.0083 0.00498963 18.4978 0.0177241 0.94500000 
73643 20.0177 0.0532420 21.9112 0.0222122 21.9966 0.0971016 19.2455 0.0209940 19.1175 0.0459820 0.51621600 
74608 16.7915 0.00386660 17.9130 0.000883786 17.8692 0.00479285 16.3092 0.00202118 16.2810 0.00516456 0.07263400 
74008 19.5276 0.0233956 19.9372 0.00235207 19.5248 0.00925943 19.1353 0.0153911 19.3307 0.0343071 3.03541100 
74161 19.1569 0.0222544 20.0639 0.00302143 19.2624 0.00879578 18.7865 0.0121172 18.8053 0.0327648 0.19880700 
74354 18.5068 0.00982792 19.3408 0.00131192 18.0942 0.00279860 18.4292 0.00738801 18.3909 0.0181037 1.14090300 
74416 19.1256 0.0221117 20.1165 0.00380730 19.5803 0.0137418 18.6304 0.0133749 18.5691 0.0316937 0.20641700 
74483 19.6882 0.0348633 20.8515 0.00658170 19.9419 0.0175386 19.4413 0.0224491 19.1976 0.0490947 0.38952500 
75346 16.9695 0.00680399 17.9226 0.00150850 17.6492 0.00602164 16.7070 0.00389809 16.4419 0.00972302 0.05664100 
76375 14.8481 0.00148739 15.8755 0.000437532 16.0587 0.00226883 14.3025 0.000806171 14.2204 0.00200964 0.05872300 
75163 17.0407 0.00569619 18.4511 0.00183996 18.7653 0.0116283 16.5630 0.00299506 16.3228 0.00593257 0.16368300 
75203 17.6856 0.00876500 18.9548 0.00271789 19.1003 0.0167297 17.1861 0.00452350 16.8073 0.00893042 0.14061500 
74681 20.7008 0.0802666 22.5003 0.0293557 22.1816 0.116661 19.6433 0.0333727 19.2722 0.0613684 0.67200800 
74629 21.3987 0.120386 22.3726 0.0173569 22.4648 0.121417 21.0286 0.0755046 21.2979 0.173541 2.71500000 
74636 20.8711 0.0745942 21.3652 0.00699194 19.8945 0.0122117 20.8510 0.0634744 20.5033 0.125624 1.46500000 
76050 16.6304 0.00447451 17.7176 0.00102603 17.4967 0.00499992 16.2108 0.00239897 16.0225 0.00547401 0.08699100 
75038 20.6779 0.0733666 21.5817 0.0108740 20.4652 0.0254457 20.4321 0.0395647 20.5727 0.123383 2.25500000 
75227 18.7750 0.0128229 19.1670 0.00116857 18.0662 0.00282471 18.9267 0.0104787 19.0665 0.0302441 0.90500000 
75252 19.1032 0.0271045 21.1444 0.0123088 21.6739 0.0886412 18.5653 0.0127983 18.3487 0.0236589 0.33960300 
75937 17.2081 0.00997506 18.1857 0.00244054 17.7674 0.00893231 16.7316 0.00483800 16.8054 0.0132621 0.19044400 
75299 20.2837 0.0528790 20.9091 0.00537011 20.0692 0.0165896 20.2599 0.0326125 20.3720 0.0767757 2.90500000 
75397 20.2462 0.0550352 21.1571 0.00629321 20.1007 0.0171333 20.0658 0.0343323 20.1944 0.0870879 2.24500000 
75662 21.3885 0.111630 21.9291 0.0113464 21.0152 0.0380560 21.1301 0.0635794 21.9386 0.216335 2.93500000 
75848 20.0086 0.0372878 20.5398 0.00379962 19.3993 0.00839083 19.7060 0.0241752 19.3249 0.0575193 1.65979300 
75841 19.9805 0.0413035 20.9191 0.00555315 20.3093 0.0217211 19.5929 0.0229203 19.4248 0.0525565 0.14231500 
76258 17.7160 0.00783366 18.7368 0.00145658 18.1983 0.00539921 17.3106 0.00382606 17.1357 0.0108600 0.18777000 
76475 17.5191 0.00632764 18.2482 0.000955780 17.5010 0.00269417 17.2370 0.00385557 17.1987 0.00957071 0.18000000 
76684 18.6524 0.0169514 19.7508 0.00315304 19.4527 0.0156596 18.1563 0.00838284 18.0508 0.0216253 0.13983900 
76358 21.4032 0.119087 21.4817 0.00788537 20.2475 0.0189977 21.0070 0.0798232 21.3379 0.170508 2.16500000 
76549 20.1756 0.0481455 20.4613 0.00370827 19.1981 0.00738842 19.9941 0.0274362 20.3776 0.0738701 2.16500000 
76817 20.4444 0.0726462 22.2063 0.0284172 21.9967 0.109148 19.5631 0.0273191 19.0379 0.0531661 0.57215100 
78339 16.9652 0.00762063 17.5263 0.00102539 16.8089 0.00320383 16.5642 0.00375314 16.3550 0.00906007 0.03992000 
77458 16.3552 0.00275458 17.5494 0.000676591 17.5748 0.00385385 15.9301 0.00151102 15.7574 0.00347711 0.05784800 
77873 18.0191 0.0104535 18.8590 0.00172662 18.2316 0.00539176 17.7805 0.00701109 17.7461 0.0159168 0.13629300 
77102 20.1674 0.0604184 21.9506 0.0182166 21.2288 0.0488199 19.2965 0.0255354 18.8605 0.0500760 0.52300200 
77243 19.2758 0.0302985 19.8332 0.00332257 19.3380 0.0117467 18.9642 0.0192310 18.8781 0.0477901 0.07992700 
77203 20.3276 0.0570716 21.2059 0.00725840 19.1735 0.00747011 20.3624 0.0424696 20.7868 0.142783 2.02500000 
78341 16.8780 0.00602533 18.0249 0.00141386 17.8851 0.00675258 16.4877 0.00345726 16.3303 0.00785035 0.05953200 
77536 20.7894 0.0975675 22.0412 0.0146991 21.1836 0.0474252 20.7125 0.0586274 20.4212 0.113279 2.25500000 
77755 20.5594 0.0659877 21.1644 0.00647365 20.3419 0.0210795 20.3117 0.0458472 20.6201 0.115671 2.22500000 
77831 19.6127 0.0266235 20.3377 0.00306116 19.1412 0.00711523 19.5895 0.0212193 19.3383 0.0440474 2.51500000 
77697 21.2074 0.0938384 22.0329 0.0122369 22.1263 0.108137 20.6737 0.0455719 20.7875 0.140195 3.40500000 
78834 17.1256 0.00857075 16.5534 0.000550429 16.5521 0.00266889 15.1016 0.00124222 14.8941 0.00268724 0.03697200 
77982 20.0351 0.0508656 21.7235 0.0172815 21.6673 0.0871235 19.4149 0.0235089 19.2501 0.0550882 0.29900000 
78222 19.2075 0.0224921 19.9766 0.00415601 19.3801 0.0137265 18.8557 0.0145985 18.7650 0.0343443 0.16162600 
79023 17.9778 0.0109472 19.2279 0.00323801 19.1292 0.0177484 17.5429 0.00627315 17.1844 0.0127491 0.17814300 
78193 19.3386 0.0225090 19.6153 0.00171927 18.2672 0.00369808 19.0402 0.0133255 19.0702 0.0391235 1.62500000 
78305 21.1787 0.0768176 21.4365 0.00762146 20.4534 0.0256050 20.8510 0.0553988 20.7386 0.120972 3.04500000 
78963 16.1361 0.00211611 17.2656 0.000446061 17.2517 0.00250185 15.7412 0.00120983 15.7202 0.00287632 0.08000000 
78421 19.3205 0.0226756 19.8090 0.00190027 18.2026 0.00305015 19.0519 0.0147083 19.0079 0.0344154 2.25817000 
78358 20.2220 0.0450616 20.6800 0.00367094 19.8190 0.0118803 20.0077 0.0325125 20.0943 0.0776663 2.20500000 
78955 17.1131 0.00428867 18.2595 0.000966184 17.5310 0.00247780 16.6363 0.00227448 16.6272 0.00573865 0.18414900 
78759 18.4202 0.0114855 19.2884 0.00164188 18.3598 0.00435081 17.7424 0.00520481 17.9294 0.0157590 0.54809500 
79228 16.8535 0.00431018 18.0410 0.00108625 18.0303 0.00591288 16.4222 0.00229875 16.3044 0.00540216 0.05866800 
78737 19.9444 0.0487544 22.0330 0.0198296 22.7423 0.154778 19.0476 0.0211390 18.8461 0.0423834 0.51346400 
79098 18.2929 0.0150863 20.2645 0.00622767 20.7382 0.0503707 17.5810 0.00650431 17.4513 0.0150244 0.32514400 
78712 20.9736 0.0819817 22.2374 0.0148155 21.3090 0.0394805 21.3393 0.0882576 20.8422 0.152757 2.15500000 
79141 17.5060 0.00736010 18.6763 0.00158446 18.3825 0.00723548 17.1121 0.00373658 16.9560 0.00915053 0.05832900 
79472 17.0398 0.00675126 18.0329 0.00140817 17.7422 0.00549052 16.5577 0.00327500 16.4924 0.00972128 0.13985800 
78962 19.3938 0.0226023 19.5264 0.00146483 17.9949 0.00258852 19.3208 0.0165029 19.3006 0.0443507 2.19332100 
79103 18.6460 0.0163168 19.8385 0.00390351 19.4521 0.0184684 18.2178 0.00869780 18.1320 0.0217348 0.19025800 
79046 20.9159 0.0851761 21.4743 0.00829769 20.2626 0.0199214 20.5191 0.0485621 20.6080 0.132709 1.47500000 
80158 16.9967 0.00634605 17.8797 0.00119811 17.4740 0.00483795 16.6706 0.00359093 16.5836 0.00976070 0.08006600 
79198 21.4918 0.0860794 21.4818 0.00761986 20.6155 0.0256714 20.9792 0.0482455 21.5304 0.163815 2.90500000 
80408 17.8642 0.0133673 18.4973 0.00268101 17.7845 0.00740930 17.6575 0.0108523 17.6276 0.0269575 0.04017000 
79202 20.5098 0.0680543 21.4426 0.00697877 19.9886 0.0146528 20.7405 0.0481595 20.9515 0.162746 1.57500000 
79794 17.9268 0.0119102 18.8556 0.00201410 18.4643 0.00867048 17.5827 0.00674351 17.5504 0.0180933 0.07983800 
79736 19.7971 0.0258627 20.3200 0.00287875 18.7248 0.00494139 19.7150 0.0217099 19.7079 0.0653367 2.08500000 
81049 16.7436 0.00484436 18.0165 0.000972152 17.9186 0.00579436 16.4414 0.00231386 16.2746 0.00642994 0.05767800 
81057 14.5616 0.00102742 15.7247 0.000290523 15.8708 0.00169405 14.0833 0.000569415 13.9635 0.00130594 0.05845800 
80827 17.2872 0.00730631 18.2041 0.00216007 18.4042 0.00815516 16.7083 0.00498561 16.8269 0.00958149 0.05725600 
80489 18.9058 0.0184749 19.4673 0.00219694 18.7000 0.00668581 18.6892 0.0125831 18.8925 0.0356979 0.05613500 
80625 18.5404 0.0153400 19.5404 0.00328157 19.3690 0.0178813 18.0342 0.00873660 17.7320 0.0205151 0.05991800 
80897 17.0791 0.00848904 18.1046 0.00207712 17.6484 0.00783010 16.6960 0.00496665 16.5029 0.0118363 0.16284400 
80741 17.3960 0.00739986 18.4783 0.00162841 18.3765 0.00828863 17.0378 0.00407550 16.9392 0.0102465 0.05792000 
81272 14.7064 0.00131823 15.8545 0.000387086 16.0003 0.00216754 14.2711 0.000750120 14.1790 0.00171885 0.08741000 
80716 19.7403 0.0290559 20.2310 0.00264020 19.2322 0.00737913 19.7277 0.0198327 20.0593 0.0568725 2.53500000 
80934 18.5763 0.0145035 19.2527 0.00226878 18.5904 0.00738840 18.2671 0.00846646 18.3429 0.0234436 0.13345900 
80786 19.9769 0.0458930 21.9221 0.0231263 23.3921 0.168377 19.1581 0.0191523 18.7970 0.0457068 0.48695400 
80923 18.9381 0.0193446 20.0484 0.00365418 19.6349 0.0149742 18.5735 0.0100540 18.3451 0.0276659 0.18748600 
80789 21.4497 0.101642 21.8016 0.0102855 20.9717 0.0318341 21.4208 0.0641276 21.2937 0.190385 3.20500000 
80810 21.2071 0.105428 21.7752 0.00995728 20.9092 0.0384673 21.2029 0.0693726 21.6978 0.268794 2.50500000 
80972 20.4363 0.0582970 22.1039 0.0138788 23.5096 0.204534 20.0052 0.0298679 19.6400 0.0582345 4.12500000 
81339 17.3242 0.00914233 19.0444 0.00404829 19.5611 0.0248875 16.7852 0.00481068 16.5345 0.0100310 0.25526100 
81245 16.9459 0.00479057 17.4735 0.00189456 18.3344 0.00850688 16.1902 0.00308276 16.1097 0.00538009 0.14503900 
81115 20.2764 0.0516895 21.1833 0.00612621 19.5979 0.00976946 20.2714 0.0337990 20.2798 0.113562 2.08500000 
81946 16.6038 0.00479127 17.6791 0.00107277 17.5928 0.00561227 16.2118 0.00259273 16.1051 0.00675303 0.05717500 
82047 17.0033 0.00536556 18.1095 0.00134799 18.1121 0.00726713 16.5958 0.00308733 16.4425 0.00778723 0.06082200 
81924 17.2322 0.00737760 18.2929 0.00170149 18.2605 0.00904264 16.7926 0.00410629 16.7131 0.0104348 0.05588600 
81714 18.8480 0.0148719 19.1461 0.00110431 17.8341 0.00220573 18.6661 0.00911869 18.6153 0.0255425 0.87664500 
82242 17.2977 0.00569666 18.5015 0.00126567 18.4860 0.00721940 16.7784 0.00288895 16.6683 0.00733897 0.08785800 
82378 18.3215 0.0129567 19.1736 0.00218922 18.6204 0.00801175 17.9262 0.00724564 17.9050 0.0177823 0.14864600 
82315 17.2034 0.00423775 18.3618 0.000900656 18.3782 0.00528698 16.7705 0.00231497 16.6108 0.00530843 0.05756500 
82104 20.5571 0.0749369 22.2660 0.0208458 21.6321 0.0751817 20.0846 0.0378414 19.7122 0.0803040 0.42984300 
82298 18.8064 0.0131716 19.5214 0.00147275 18.2939 0.00327082 18.7249 0.00979341 18.8548 0.0277160 1.35448500 
82196 20.5973 0.0728320 21.1984 0.00615122 20.3822 0.0207852 20.4970 0.0429448 20.9022 0.142950 2.25500000 
82473 18.9314 0.0191076 20.0804 0.00346101 19.2549 0.0109357 18.5705 0.0108762 18.3284 0.0241712 0.33576200 
84072 16.2356 0.00254250 17.4209 0.000642683 17.4379 0.00373977 15.7782 0.00138504 15.6236 0.00320283 0.05555700 
82852 20.6987 0.0750216 21.8158 0.0115181 20.6866 0.0284177 20.5063 0.0479921 20.7986 0.132306 2.25500000 
84328 16.3048 0.00300865 17.3923 0.000749402 17.3976 0.00425236 15.7673 0.00159013 15.6898 0.00406683 0.05784800 
83189 19.0074 0.0158503 20.8410 0.00467233 21.8482 0.0674008 18.2300 0.00619062 17.9076 0.0114532 0.22795300 
83034 20.8377 0.0785846 21.2410 0.00699048 19.3925 0.00986341 20.5096 0.0480849 20.6489 0.113468 1.92500000 
83308 19.1154 0.0249895 20.1775 0.00357419 19.2968 0.00982685 18.6954 0.0129819 18.7909 0.0348731 0.28736500 
83564 17.4936 0.00678530 18.6461 0.00167194 18.6841 0.00927617 17.0265 0.00343266 16.8762 0.00856117 0.08738300 
83297 20.7464 0.0762272 21.4687 0.00744617 20.7415 0.0241284 20.6047 0.0454398 20.9678 0.127637 2.25500000 
84155 18.0145 0.00639724 18.6070 0.000704495 17.6540 0.00198886 17.9534 0.00478502 17.9718 0.0124437 0.07094400 
84188 18.8286 0.0221105 20.7773 0.00884141 21.2127 0.0670950 18.1242 0.00952889 17.9975 0.0220904 0.35506000 
85660 18.5825 0.0121178 19.8344 0.00262033 19.8819 0.0172934 17.9908 0.00612710 17.7866 0.0137962 0.14815900 
84499 19.4143 0.0265551 19.9390 0.00242169 19.0000 0.00630760 19.0270 0.0138507 19.2919 0.0423746 0.11230200 
85016 19.1179 0.0205553 19.9298 0.00299471 19.4022 0.0106571 18.7046 0.0110420 18.7610 0.0321955 0.18278400 
84960 20.3831 0.0681774 21.2286 0.00885489 20.5688 0.0283968 19.9588 0.0309679 19.8410 0.0872131 0.26851200 
85565 21.7508 0.159478 21.5463 0.00853746 20.2484 0.0189140 21.0415 0.0817779 21.3767 0.173505 2.16500000 
86988 17.7164 0.00827232 18.7873 0.00190359 18.6578 0.00939556 17.2434 0.00441989 17.1777 0.0113279 0.06070900 
85925 20.7628 0.0620942 21.4486 0.00804812 20.6803 0.0287892 20.5192 0.0557234 20.6360 0.117376 2.50500000 
87146 16.6597 0.00321310 17.8144 0.000723015 17.8697 0.00435967 16.1454 0.00168118 16.0575 0.00407851 0.08792100 
87623 18.8875 0.0177928 19.6366 0.00263081 19.1073 0.00933436 18.5671 0.0107550 18.5010 0.0287504 0.05846400 
88213 18.4182 0.0157669 19.0222 0.00207864 18.3494 0.00614088 18.0579 0.00838355 18.1480 0.0245874 0.11272400 
88684 17.9913 0.00912889 19.0240 0.00180210 18.7794 0.00856066 17.5681 0.00493971 17.4133 0.0119006 0.08840400 
89917 17.0901 0.00874650 18.3679 0.00264177 18.5439 0.0172192 16.6016 0.00428739 16.3173 0.00904421 0.16386400 
89500 16.7640 0.00617988 18.4490 0.00214330 18.7485 0.0128762 16.4023 0.00319745 16.0842 0.00776902 0.16406900 
88800 19.7306 0.0300754 20.0105 0.00265114 18.7684 0.00529365 19.6749 0.0252785 19.7001 0.0650275 0.96267600 
89319 17.2459 0.00541610 18.4033 0.00122907 18.4592 0.00710869 16.7742 0.00280882 16.6693 0.00659721 0.08742900 
89178 17.3128 0.00596656 18.5035 0.00135377 18.3920 0.00747203 16.8645 0.00307836 16.6837 0.00672655 0.05730000 
89939 17.1984 0.00631804 18.2062 0.00135644 17.8004 0.00547132 16.8273 0.00347802 16.7243 0.00768021 0.06020800 
89665 20.3249 0.0593220 22.1371 0.0228707 22.0691 0.113076 19.6374 0.0223521 19.2557 0.0526566 0.53851200 
90274 15.3666 0.00151717 16.5340 0.000445610 16.6842 0.00251969 14.8698 0.000866332 14.7341 0.00182874 0.05626900 
91092 20.3587 0.0671814 22.7034 0.0396473 23.6364 0.204661 19.6087 0.0300899 19.3301 0.0612363 0.59281400 
92190 17.3651 0.00821376 18.5142 0.00169162 18.3460 0.00878766 17.0454 0.00448029 16.9150 0.0109028 0.05650200 
92030 17.2427 0.00740557 18.8398 0.00270833 19.1114 0.0166616 16.7672 0.00362026 16.6416 0.00861103 0.23332800 
92037 19.2087 0.0300964 21.1243 0.0119734 21.8035 0.106701 18.5850 0.0119798 18.4718 0.0300966 0.44360000 
92479 18.0168 0.00991384 19.3430 0.00278754 19.2593 0.0163686 17.5692 0.00524564 17.3722 0.0124182 0.19265300 
94471 16.5403 0.00411348 17.8851 0.00131435 17.9360 0.00805085 16.1444 0.00242042 15.8853 0.00497423 0.15075300 
93602 17.9513 0.0101275 19.0761 0.00209975 18.8766 0.0111292 17.4741 0.00547981 17.3924 0.0137355 0.06044200 
93841 17.2539 0.00771213 18.6019 0.00235731 18.9684 0.0142307 16.7388 0.00376557 16.6064 0.00884753 0.18303000 
93585 18.6688 0.0200354 19.9377 0.00491541 20.0215 0.0262550 18.1185 0.0101986 18.0598 0.0252005 0.18554800 
94333 16.5525 0.00355526 17.6039 0.000830116 17.6796 0.00495238 16.1119 0.00185411 15.9394 0.00440875 0.05870400 
94041 21.3462 0.0858707 22.2899 0.0320139 21.9393 0.108461 19.6776 0.0369006 19.2938 0.0602371 0.64937100 
94853 19.5393 0.0277134 20.0546 0.00247701 18.8506 0.00529261 19.5266 0.0220346 19.9736 0.0732901 5.93009800 
95163 17.1494 0.00490899 18.3661 0.00125739 18.4509 0.00767942 16.5377 0.00233242 16.4178 0.00534295 0.08708900 
94667 20.1292 0.0624288 21.7187 0.0218540 21.8901 0.0753809 19.4471 0.0244268 19.3891 0.0635724 0.51964500 
95831 16.4820 0.00488377 17.9028 0.00158524 18.0507 0.00926109 15.9845 0.00237675 15.8265 0.00597609 0.18986200 
96233 14.9066 0.00129850 16.1027 0.000355520 16.1689 0.00200504 14.4256 0.000686007 14.3236 0.00165009 0.06002500 
95683 17.3248 0.00571838 18.8689 0.00184797 19.1249 0.0122626 16.7978 0.00267834 16.6981 0.00633461 0.18908300 
96621 17.0174 0.00532147 17.9594 0.00106643 17.5553 0.00436758 16.5574 0.00276237 16.4832 0.00710734 0.10009200 
96942 16.6402 0.00362501 17.8029 0.000834385 17.7512 0.00490779 16.1461 0.00187383 15.9751 0.00451216 0.05928100 
97329 16.7959 0.00426282 17.7898 0.000888501 17.5114 0.00387302 16.3870 0.00238764 16.3105 0.00634300 0.08860400 
97978 15.9345 0.00256286 17.0959 0.000687775 17.1678 0.00394019 15.4552 0.00138892 15.2735 0.00330650 0.05795000 
97873 18.3336 0.0120067 19.4624 0.00252334 19.4307 0.0134926 17.8440 0.00636633 17.7102 0.0149061 0.05492800 
96585 15.6833 0.00231436 16.8558 0.000544213 16.6657 0.00292765 15.2748 0.00122785 15.0478 0.00277646 0.05930400 
99102 16.2187 0.00333079 17.2849 0.000819918 17.0607 0.00377506 15.7610 0.00178595 15.6849 0.00467142 0.07214100 
98291 18.1739 0.0102776 19.0377 0.00158911 18.3312 0.00498981 17.8812 0.00612939 17.8505 0.0168522 0.06179300 
99006 16.5133 0.00313122 17.6581 0.000739122 17.5010 0.00340176 16.0715 0.00163300 15.9646 0.00402943 0.05353000 
98802 18.1111 0.0115531 19.0551 0.00179977 18.3798 0.00545577 17.7909 0.00661008 17.8166 0.0199048 0.19168900 
99366 16.6260 0.00530147 17.3120 0.00111229 16.8947 0.00306568 16.2994 0.00319584 16.2868 0.00896035 0.06264000 
99330 16.7541 0.00351549 17.9337 0.000826181 17.9272 0.00450093 16.3128 0.00194248 16.1933 0.00455741 0.06160600 
99238 18.5552 0.0167531 19.6752 0.00349130 19.2252 0.0148382 18.2232 0.0100479 18.1848 0.0230504 0.16486700 
99503 19.3374 0.0360267 21.4453 0.0195700 22.1521 0.107282 18.8569 0.0155957 18.3342 0.0307862 0.44293200 
99714 20.1346 0.0608525 22.1412 0.0330196 22.7493 0.170789 18.8624 0.0222257 19.0885 0.0519738 0.59815300 
100476 17.6852 0.00966538 18.7591 0.00212303 18.5746 0.0101456 17.2491 0.00544515 17.1635 0.0142583 0.06101900 
102513 14.9175 0.00132474 16.1167 0.000425372 16.3241 0.00228100 14.4144 0.000730114 14.2467 0.00156705 0.05990500 
100014 19.4636 0.0363874 21.3087 0.0176525 22.9091 0.121865 18.5443 0.0146304 18.4787 0.0320217 0.43375000 
101715 17.7847 0.0134562 19.1147 0.00463781 19.1733 0.0248975 17.3478 0.00689019 17.3345 0.0155593 0.23011000 
102534 16.6576 0.00448872 17.8361 0.00114874 17.9118 0.00668935 16.1878 0.00234116 16.0248 0.00577346 0.05779700 
102468 19.9255 0.0539493 21.0763 0.0139426 20.0423 0.0359153 19.2563 0.0245093 19.0233 0.0507758 0.62781200 
104398 15.2205 0.00177403 16.3376 0.000466472 16.4537 0.00270064 14.7223 0.000939681 14.6177 0.00225887 0.05961100 
103456 16.7744 0.00418433 18.0988 0.00120738 18.2215 0.00703877 16.2685 0.00215677 16.1412 0.00517016 0.15116500 
105436 14.9723 0.00146981 16.0719 0.000432356 16.1587 0.00224472 14.4559 0.000781288 14.3406 0.00191050 0.05904400 
103539 19.8426 0.0416467 21.4185 0.0141596 21.2199 0.0698942 18.8654 0.0159036 18.7498 0.0337626 0.59495100 
106883 14.6972 0.00111902 15.7317 0.000388776 15.9156 0.00160009 14.2110 0.000578205 14.1023 0.00144744 0.06056800 
104062 18.9810 0.0220923 20.9163 0.00978964 20.6465 0.0510979 18.2986 0.0114869 18.0714 0.0219574 0.52524900 
105864 16.9902 0.00621325 18.2257 0.00179274 18.2669 0.0104184 16.3952 0.00285812 16.2704 0.00682418 0.14990400 
106509 15.6164 0.00208659 16.7129 0.000505208 16.5502 0.00237970 15.1178 0.00106647 14.9891 0.00255636 0.05942400 
105078 19.7229 0.0461596 21.6395 0.0219042 22.3304 0.121980 18.7292 0.0172361 18.6229 0.0326651 0.50894600 
105325 19.1168 0.0304688 21.0623 0.0158647 21.8831 0.109704 18.1529 0.0125786 17.9455 0.0255486 0.44270000 
105854 18.4481 0.0148001 20.2712 0.00550428 20.6675 0.0468506 17.8090 0.00658574 17.5573 0.0155045 0.30708900 
105538 19.9535 0.0533829 21.7564 0.0184231 21.8920 0.0922046 19.0615 0.0171249 18.8178 0.0402574 0.53983800 
105715 19.4493 0.0402154 21.5555 0.0224597 22.7731 0.138967 18.6170 0.0167794 18.4856 0.0347841 0.44266700 
106269 18.8333 0.0216782 20.6202 0.00894845 20.9150 0.0614121 18.2180 0.0104940 17.8088 0.0212858 0.30831100 
107334 17.1885 0.00546567 18.3220 0.00126852 18.3113 0.00706556 16.7078 0.00285389 16.5852 0.00674214 0.06023200 
106845 19.7558 0.0399292 21.6647 0.0161927 21.7873 0.0901171 18.8340 0.0136154 18.7457 0.0262023 0.59364200 
107482 20.3084 0.0646721 22.3807 0.0302607 22.6482 0.167561 19.3773 0.0256123 18.9941 0.0467596 0.54020300 
108278 17.8962 0.0127098 19.5698 0.00518303 19.8675 0.0311075 17.3021 0.00594714 17.2072 0.0123442 0.25562700 
110617 15.4306 0.00180407 16.4820 0.000515833 16.4579 0.00211521 14.9322 0.000970675 14.8176 0.00225277 0.06239600 
110531 15.4707 0.00172122 16.5855 0.000490546 16.7282 0.00256736 14.9628 0.000894931 14.8859 0.00221068 0.05612900 
109721 17.3896 0.00895519 18.1853 0.00143223 17.5183 0.00446249 17.1776 0.00514924 17.1725 0.0143864 0.05989800 
109169 20.1759 0.0486238 21.3594 0.0121510 20.4980 0.0330363 19.2174 0.0192661 19.0815 0.0508728 0.69743300 
109031 21.4037 0.124805 21.3156 0.00728240 20.1976 0.0154940 20.2636 0.0485771 20.8088 0.132073 0.60344500 
109452 18.1709 0.0113429 19.1578 0.00225222 19.0190 0.0115323 17.8054 0.00632983 17.7295 0.0171793 0.05541800 
110707 17.1871 0.00499354 18.2145 0.00104557 18.1045 0.00501789 16.8331 0.00298319 16.7100 0.00736838 0.06185900 
111643 17.9012 0.0113066 18.9487 0.00264062 18.7519 0.0135144 17.4381 0.00581459 17.2670 0.0151130 0.16533100 
111890 15.7898 0.00193697 17.0407 0.000496397 17.1678 0.00313400 15.3863 0.00106325 15.1288 0.00231918 0.05889100 
112398 16.3537 0.00292701 17.4992 0.000793391 17.5653 0.00439611 15.9267 0.00162956 15.7793 0.00338301 0.05917300 
111678 20.0370 0.0499515 21.7725 0.0145768 21.6035 0.0604653 19.3073 0.0199616 19.1436 0.0489746 0.51158600 
112491 17.4305 0.00737940 18.4266 0.00161853 18.4210 0.00793793 16.9803 0.00397807 16.9578 0.00968986 0.05353400 
112094 20.8425 0.0867172 21.4126 0.00796303 20.5113 0.0240971 20.8984 0.0597212 20.9253 0.150316 2.81468100 
113043 16.0461 0.00207214 17.2561 0.000563745 17.4891 0.00337959 15.5006 0.00109772 15.3567 0.00240979 0.05447000 
112762 18.9228 0.0279430 20.9573 0.0146306 22.3180 0.126342 18.2847 0.0132593 18.1462 0.0260942 0.39441700 
114379 15.1435 0.00184336 16.2499 0.000494776 16.3927 0.00290640 14.6455 0.000983842 14.5564 0.00234492 0.05928100 
114600 17.8701 0.0122537 18.8989 0.00260580 18.8641 0.0132089 17.4241 0.00578861 17.3608 0.0164266 0.05985100 
113233 18.8219 0.0258236 20.9394 0.0133299 21.7601 0.101023 18.1044 0.0113757 17.9028 0.0240028 0.44094500 
113885 15.9938 0.00220559 17.1335 0.000575939 17.2543 0.00337513 15.4936 0.00117214 15.3972 0.00274719 0.05538800 
114129 17.3903 0.00668785 18.7382 0.00235241 19.0387 0.0144943 16.8304 0.00358375 16.5976 0.00842887 0.19154200 
113642 18.4660 0.0164236 19.1447 0.00246788 18.6454 0.00893633 18.0554 0.00950488 18.0273 0.0288630 0.10717700 
113706 20.5596 0.0505125 20.6252 0.00385562 18.9278 0.00588307 20.3326 0.0388854 20.1038 0.0931655 2.23589800 
113942 20.4256 0.0733179 21.9866 0.0237926 21.1663 0.0716055 19.8574 0.0294671 19.6796 0.0803623 0.58303900 
114180 20.5515 0.0783070 22.3444 0.0247470 22.9007 0.161003 19.7461 0.0319128 19.6260 0.0678902 0.51138900 
114977 17.6900 0.00788290 18.5405 0.00145636 18.2207 0.00595378 17.2824 0.00471619 17.3554 0.0125851 0.05737600 
115295 16.9598 0.00540829 18.0627 0.00133864 18.0347 0.00716871 16.4824 0.00282827 16.3484 0.00702448 0.05535200 
115799 17.5869 0.00766522 18.7923 0.00174657 18.7926 0.00954376 17.0605 0.00395764 16.9299 0.00965632 0.06132200 
115413 19.7786 0.0396191 21.7000 0.0179181 22.7428 0.130464 18.8717 0.0149269 18.7342 0.0305472 0.51630400 
116168 17.3335 0.00607934 18.4701 0.00135588 18.5016 0.00785021 16.8427 0.00300497 16.7644 0.00731476 0.05682600 
116489 17.2936 0.00962462 18.6376 0.00302254 18.8958 0.0167718 16.7529 0.00461546 16.6984 0.0110538 0.19175500 
116663 16.3860 0.00273037 17.6056 0.000698814 17.6506 0.00420803 15.8749 0.00140817 15.7072 0.00321688 0.05717600 
116815 16.3087 0.00217497 17.4692 0.000510033 17.5467 0.00293065 15.8044 0.00115377 15.6839 0.00270167 0.05874700 
116214 19.6344 0.0396629 21.6511 0.0173300 22.1488 0.108877 18.8937 0.0168215 18.6876 0.0350357 0.46446800 
117248 16.9532 0.00438961 18.1182 0.00106606 18.1534 0.00611360 16.4758 0.00223989 16.3226 0.00532592 0.05898400 
116907 18.6527 0.0174375 19.7106 0.00383061 19.7307 0.0211875 18.1683 0.00923163 18.0514 0.0244902 0.05773000 
117449 17.6044 0.00889074 19.0314 0.00318512 19.1753 0.0191958 17.1010 0.00468953 16.9412 0.0105609 0.19387800 
116946 20.3500 0.0683875 21.9183 0.0199261 21.7723 0.0753381 19.4214 0.0220709 19.1499 0.0514725 0.59322800 
116954 20.0369 0.0514244 21.5365 0.00958903 20.5528 0.0318396 19.1895 0.0206596 19.2414 0.0512445 0.77209700 
117714 17.3793 0.00851524 18.4627 0.00383168 19.3399 0.0210392 16.8335 0.00421693 16.6553 0.00964979 0.25326600 
118584 16.1713 0.00288084 17.2689 0.000880334 17.3712 0.00401757 15.6650 0.00148030 15.5559 0.00344291 0.06050100 
118077 19.8990 0.0380686 22.0858 0.0180362 23.2312 0.182475 19.2307 0.0174991 19.0164 0.0389466 0.53810600 
118642 16.3333 0.00257101 17.5233 0.000619670 17.5467 0.00363459 15.8225 0.00133155 15.7032 0.00321920 0.05569500 
118440 18.2481 0.0140751 19.6748 0.00339752 19.3661 0.0156019 17.7311 0.00670626 17.6700 0.0158158 0.23039900 
119009 18.6425 0.0188048 19.7468 0.00388608 19.7094 0.0211742 18.1970 0.00990487 18.1090 0.0249762 0.06027200 
119186 17.9770 0.0117134 19.6354 0.00386704 19.9877 0.0308065 17.4717 0.00562732 17.3801 0.0124520 0.25548400 
119249 18.7953 0.0220199 20.5756 0.00969068 21.1174 0.0737035 18.0581 0.00902778 17.9315 0.0196671 0.36010800 
119706 15.4379 0.00165506 16.7412 0.000472161 16.9702 0.00308532 14.9354 0.000902312 14.7829 0.00195901 0.06047200 
119318 18.8211 0.0195373 19.9339 0.00370037 19.8525 0.0194826 18.3924 0.00989977 18.2826 0.0250740 0.06124900 
119301 20.6577 0.0746981 22.1142 0.0232395 21.7663 0.0841024 19.5893 0.0313892 19.4438 0.0661411 0.57829300 
119572 18.9514 0.0256262 21.1848 0.0138842 21.7218 0.0891971 18.2097 0.0113290 17.8209 0.0215838 0.44160200 
119565 19.7274 0.0351229 21.8575 0.0159439 22.5300 0.141643 19.0750 0.0171894 18.7307 0.0323630 0.44010400 
119642 18.4093 0.0130615 20.2652 0.00473711 20.4456 0.0378573 17.8804 0.00621428 17.6630 0.0141704 0.25152900 
119999 17.0387 0.00596702 18.1581 0.00135839 18.0900 0.00742198 16.6683 0.00323002 16.5715 0.00802032 0.06168600 
120398 17.4606 0.00616699 18.6114 0.00141014 18.5526 0.00818777 17.0438 0.00329960 16.8417 0.00786090 0.05763600 
120090 19.7956 0.0345462 21.8289 0.0182189 23.0311 0.211154 18.9986 0.0164900 18.7376 0.0388950 0.43865900 
120987 16.5301 0.00289413 17.7431 0.000701950 17.8343 0.00460023 16.0121 0.00147209 15.8738 0.00342430 0.05408400 
123667 15.1065 0.00182554 16.1930 0.000432920 16.1222 0.00240938 14.6582 0.000938198 14.5024 0.00216227 0.06097900 
121557 15.7933 0.00205504 17.0188 0.000595844 17.2002 0.00371186 15.2515 0.00103066 15.0812 0.00236740 0.06084200 
120665 18.8692 0.0231529 20.8907 0.00958346 21.5181 0.0857585 18.1883 0.00941814 18.0089 0.0205760 0.35444500 
121701 15.8995 0.00213090 17.0480 0.000553844 17.1803 0.00310918 15.4185 0.00113826 15.2815 0.00264368 0.05781300 
126527 15.1809 0.00170449 16.2534 0.000422071 16.2486 0.00229632 14.7020 0.000890986 14.6282 0.00217839 0.05945100 
122389 20.0476 0.0520348 21.9525 0.0225434 22.5788 0.154240 19.1487 0.0193259 18.9597 0.0460486 0.49537100 
125196 17.5578 0.00852100 19.0861 0.00332950 19.3927 0.0204411 16.8389 0.00423279 16.7237 0.00971256 0.23166800 
122623 20.3704 0.0532589 21.0313 0.00547988 20.6557 0.0226493 20.0320 0.0369858 19.9645 0.0804079 2.89484500 
125530 15.9775 0.00227059 17.0262 0.000597408 16.9864 0.00300413 15.4723 0.00123856 15.4216 0.00293938 0.05705700 
126301 16.0326 0.00332728 17.0980 0.000899467 17.2537 0.00484291 15.4785 0.00169363 15.4370 0.00420406 0.10054200 
124865 18.7867 0.0213538 20.7729 0.00959086 21.2721 0.0710435 18.0823 0.00939448 17.9188 0.0216760 0.36033900 
124372 19.9086 0.0302919 20.4375 0.00354394 19.5987 0.0108956 19.7773 0.0221041 19.5002 0.0590428 2.43264400 
126668 16.0615 0.00200052 17.2318 0.000484188 17.3183 0.00284312 15.5123 0.00100959 15.4050 0.00239103 0.05157600 
126700 17.6751 0.00798078 18.8499 0.00187715 18.8388 0.0110624 17.1407 0.00376843 16.9691 0.00910092 0.10101600 
126124 20.1458 0.0497055 22.1899 0.0232671 23.5389 0.198259 19.0856 0.0188028 18.9352 0.0327636 0.51059300 
126227 21.0340 0.0970111 21.6571 0.00919635 20.7022 0.0259207 21.2999 0.0942374 20.6443 0.121679 2.78510200 
127065 17.7611 0.0119222 19.3425 0.00466610 19.6888 0.0262939 17.2148 0.00617297 16.9908 0.0131149 0.25806300 
127825 16.6144 0.00366282 17.7377 0.000815616 17.7512 0.00477482 16.1342 0.00190540 16.0248 0.00487434 0.05839400 
127347 20.6945 0.0528440 22.2732 0.0210812 22.3830 0.128031 19.8128 0.0243683 19.8048 0.0557135 0.34915300 
127758 17.9357 0.00775930 19.0428 0.00160540 19.0266 0.00944703 17.4777 0.00431629 17.3259 0.0109455 0.05768000 
128441 16.0777 0.00234670 17.2341 0.000564129 17.3328 0.00337317 15.5542 0.00118562 15.4267 0.00292086 0.05922800 
128463 16.3869 0.00370657 17.6549 0.00128840 17.9605 0.00631869 15.8850 0.00201658 15.6702 0.00411905 0.15140400 
127821 18.9886 0.0242134 20.9246 0.0104899 21.6464 0.0920593 18.2696 0.00953276 18.1073 0.0225519 0.37082600 
127841 19.8361 0.0354544 20.4602 0.00343382 19.3863 0.00853484 19.4589 0.0190724 19.5204 0.0603938 1.66958500 
128077 20.1256 0.0513279 21.9996 0.0215514 22.4176 0.106442 19.3990 0.0230721 19.1989 0.0477254 0.48781000 
129449 16.2056 0.00448641 17.4763 0.00131937 17.6743 0.00806951 15.6231 0.00218365 15.5192 0.00536676 0.14898000 
129330 15.2534 0.00154016 16.4740 0.000426225 16.6874 0.00257010 14.7217 0.000790711 14.5788 0.00186533 0.05746000 
130334 16.4595 0.00413364 17.5534 0.00100426 17.5680 0.00536957 16.0596 0.00225313 15.9151 0.00549801 0.05922800 
129061 17.5197 0.00702247 18.6106 0.00165089 18.5098 0.00889700 17.0312 0.00378669 16.9677 0.00919151 0.05546800 
128997 19.3400 0.0326783 21.3662 0.0149535 21.1567 0.0711583 18.7354 0.0147141 18.5990 0.0310562 0.43980200 
129702 19.1908 0.0268146 21.2567 0.0115364 21.5581 0.0851111 18.6029 0.0120124 18.4978 0.0261787 0.35472300 
130204 18.4887 0.0175375 20.4163 0.00687326 20.8415 0.0519861 17.8796 0.00743999 17.7455 0.0183102 0.32390400 
130831 18.7386 0.0188488 20.4655 0.00708267 20.7260 0.0486399 18.1300 0.00776285 18.0356 0.0199121 0.30616100 
131085 20.8645 0.0989798 22.6476 0.0353921 22.6280 0.157602 20.1793 0.0332971 19.5428 0.0641514 0.58338000 
131508 18.4772 0.0165583 20.2056 0.00685869 20.4892 0.0439373 17.8284 0.00829912 17.6590 0.0188924 0.30645400 
131647 19.4631 0.0350857 21.4243 0.0162134 22.5864 0.148262 18.7390 0.0150614 18.5111 0.0318414 0.36994200 
133014 17.6687 0.00861178 19.2455 0.00274593 19.4360 0.0189230 17.0942 0.00409783 16.9704 0.00986781 0.21050200 
132849 17.6346 0.0121142 18.3406 0.00213034 17.6906 0.00604416 17.3603 0.00706886 17.5092 0.0206563 0.05574200 
134460 14.9390 0.00127191 16.0457 0.000309326 15.4641 0.000876214 14.5112 0.000709923 14.3688 0.00172236 0.05648200 
133249 19.0679 0.0281580 21.0723 0.0120562 21.0911 0.0672957 18.5444 0.0126510 18.2112 0.0273571 0.44082200 
133096 21.6238 0.106120 21.9534 0.0269471 21.3022 0.0720764 19.8988 0.0395454 19.8320 0.0799784 0.80961500 
134766 16.0611 0.00282720 17.1184 0.000714550 17.0842 0.00360452 15.6136 0.00154121 15.5231 0.00376638 0.05754600 
134056 18.5977 0.0151687 19.6048 0.00253719 19.0136 0.00899648 18.1711 0.00746823 18.0815 0.0199557 0.18971800 
134668 17.0672 0.00561451 18.1962 0.00127595 18.1028 0.00643816 16.6534 0.00289906 16.5311 0.00762674 0.06075500 
134180 20.7297 0.0578022 20.7485 0.00434791 19.8801 0.0136844 20.5855 0.0510832 20.3057 0.108528 2.79550000 
134382 19.8529 0.0295830 20.6273 0.00372462 19.6377 0.0102739 19.7684 0.0218944 19.9339 0.0659343 1.36340200 
134395 20.1109 0.0580140 22.1788 0.0267162 23.6111 0.198397 19.0656 0.0196724 18.8435 0.0408357 0.54017200 
134393 20.9551 0.103658 22.1058 0.0261531 21.6829 0.0945501 20.0422 0.0363944 19.7269 0.0838108 0.67916900 
135367 16.8612 0.00576044 18.3208 0.00190927 18.5263 0.0110527 16.3912 0.00295228 16.1835 0.00643724 0.19324800 
135786 16.5654 0.00383523 17.8165 0.000837655 17.7509 0.00474196 16.0361 0.00185618 15.8905 0.00436297 0.08840600 
135856 16.8746 0.00524693 17.9933 0.00196680 18.3101 0.00908401 15.7808 0.00298007 16.1826 0.00632984 0.15106600 
135504 15.0190 0.00146484 16.2167 0.000453068 16.3353 0.00231959 14.4657 0.000778445 14.3704 0.00175497 0.05978800 
135892 19.0294 0.0280062 21.1052 0.0136026 21.3794 0.0770615 18.4335 0.0132911 18.1311 0.0271849 0.35805800 
136193 15.4855 0.00209502 16.6582 0.000595053 16.7798 0.00325793 14.9435 0.00106646 14.8410 0.00260113 0.06050200 
136039 21.1043 0.111375 22.2730 0.0207839 20.9156 0.0592778 19.7953 0.0363814 19.7561 0.0729653 0.81557500 
136576 18.0393 0.0113788 19.3227 0.00273488 18.8512 0.00918796 17.4926 0.00561696 17.4024 0.0150751 0.25515600 
137350 17.9537 0.0106368 19.6194 0.00352352 19.9695 0.0264834 17.3923 0.00491144 17.2052 0.0110525 0.19043100 
137423 19.3035 0.0418547 21.2584 0.0206854 22.5562 0.105775 18.6363 0.0161637 18.3981 0.0348293 0.44160700 
137757 16.6377 0.00424175 17.9573 0.00144137 18.1720 0.00713577 16.1011 0.00214404 15.9870 0.00529240 0.15529800 
137984 17.8166 0.00950502 18.9082 0.00198353 18.7326 0.00996942 17.4090 0.00511593 17.2953 0.0137429 0.05708300 
138022 19.1283 0.0242886 21.1582 0.0120305 21.8240 0.112453 18.4587 0.0112432 18.1272 0.0254317 0.38271700 
138165 17.9927 0.0105481 18.7941 0.00165576 18.2900 0.00469664 17.5957 0.00605317 17.7165 0.0160022 0.08652300 
138392 17.5044 0.00751470 18.8630 0.00205523 18.9423 0.0126385 16.9820 0.00373767 16.8651 0.00826628 0.15011700 
138408 18.7004 0.0187823 20.7915 0.00964681 21.6641 0.0956406 17.9304 0.00763458 17.7806 0.0165745 0.38430900 
138005 16.8270 0.00589895 18.2037 0.00184708 18.3033 0.0100778 16.3182 0.00289061 16.3000 0.00725149 0.19240400 
138484 18.9286 0.0269932 20.9584 0.0124054 21.3439 0.0824556 18.2672 0.0117458 18.1355 0.0272313 0.40059000 
138841 16.9174 0.00643865 18.3856 0.00232311 18.6984 0.0131001 16.3625 0.00318344 16.2671 0.00763100 0.20877500 
139011 16.1436 0.00310850 17.2235 0.000880825 17.2432 0.00419115 15.6457 0.00170605 15.5701 0.00394705 0.08026800 
138865 18.2034 0.0127888 19.7709 0.00442898 20.1919 0.0306036 17.5647 0.00591332 17.4483 0.0142527 0.23007900 
138891 18.9092 0.0289898 20.4924 0.0119865 21.5923 0.0731912 18.1549 0.0105857 17.8907 0.0256725 0.39468300 
139106 17.4615 0.00885449 19.0576 0.00327016 19.2097 0.0202881 16.8607 0.00417536 16.7320 0.00977843 0.25226600 
139154 17.1702 0.00537764 18.2881 0.00136067 18.3660 0.00764074 16.5923 0.00272788 16.5303 0.00662021 0.08801100 
139647 15.8500 0.00276882 17.0969 0.000780521 17.2199 0.00543767 15.2584 0.00126920 15.1274 0.00297944 0.08696900 
139476 17.9978 0.0106549 19.6309 0.00357294 19.8825 0.0258325 17.4112 0.00509496 17.2829 0.0125177 0.23070600 
139463 17.9686 0.00945910 19.6778 0.00310675 19.7805 0.0217832 17.4018 0.00451029 17.2772 0.0104538 0.25795700 
139606 17.7241 0.00830764 19.1982 0.00268051 19.3044 0.0164038 17.0917 0.00404996 16.9693 0.00970723 0.20974500 
139513 19.5292 0.0390034 21.4961 0.0195976 22.8842 0.128231 18.5820 0.0161436 18.5949 0.0336489 0.50728000 
140008 18.4947 0.0160303 20.2324 0.00649953 20.0950 0.0370417 17.9554 0.00781229 17.6372 0.0167167 0.35796800 
140156 17.1207 0.00520181 18.3523 0.00159855 18.5394 0.00913963 16.5144 0.00257105 16.3003 0.00598906 0.15095600 
139993 18.8501 0.0198499 20.8109 0.00968843 21.1582 0.0633334 18.1776 0.00912914 17.8358 0.0199649 0.35728600 
140401 20.0096 0.0523732 21.7308 0.0180622 21.8431 0.0793738 19.2271 0.0171390 18.8786 0.0456892 0.50681500 
140525 20.3082 0.0547668 20.7139 0.00466324 20.0413 0.0146676 20.1852 0.0316846 19.9754 0.0804815 0.08797800 
142286 18.6231 0.0235604 20.9010 0.0130355 21.3284 0.0728345 18.2269 0.0103293 17.8788 0.0222180 0.43914500 
142259 18.4818 0.0201310 20.4884 0.00801157 20.7805 0.0537316 18.1001 0.00764914 17.8725 0.0185893 0.30532700 
142408 21.2086 0.111396 21.0874 0.00661282 20.6425 0.0307293 21.0273 0.0700784 20.6565 0.125460 2.41327700 
142903 18.2346 0.0127738 19.8553 0.00441102 19.5573 0.0206218 17.6516 0.00624437 17.4847 0.0140666 0.32849500 
143549 19.1155 0.0266817 21.0538 0.0110853 21.5293 0.0828049 18.5034 0.0119592 18.3318 0.0296258 0.34749200 
143538 19.8404 0.0377767 20.3011 0.00376408 18.8937 0.00543122 19.7155 0.0293411 19.6123 0.0655278 2.26836000 
143729 19.3379 0.0271898 21.3247 0.0124741 21.8225 0.103085 18.6349 0.0125492 18.4214 0.0279955 0.42546900 
144108 19.4953 0.0407930 21.2943 0.0167906 21.1837 0.0763427 18.5397 0.0153733 18.5782 0.0344599 0.54125100 
145994 17.5373 0.00917368 19.1370 0.00342519 19.6173 0.0220091 16.9239 0.00442194 16.7553 0.00962994 0.20947900 
146138 18.8155 0.0230217 20.7511 0.0108477 21.2634 0.0809120 18.0856 0.00976682 17.8810 0.0225665 0.36586000 
148244 14.4195 0.00100011 15.4822 0.000268632 15.4358 0.00122491 13.9875 0.000550487 13.9395 0.00132019 0.06046200 
146742 20.4766 0.0724972 22.1511 0.0334858 23.3836 0.169461 19.6510 0.0299567 19.2434 0.0557859 0.53994600 
147888 18.3216 0.0119932 19.9145 0.00430303 19.9185 0.0267525 17.6744 0.00594372 17.4967 0.0147478 0.25314800 
148668 15.7266 0.00294661 16.8437 0.000770410 16.7200 0.00380824 15.2379 0.00154806 15.1543 0.00378069 0.05596200 
148277 18.7857 0.0222265 20.8235 0.00967523 21.2982 0.0762112 18.1152 0.00928744 17.9325 0.0213299 0.34587500 
148726 17.9194 0.0135413 19.3277 0.00433365 19.3387 0.0259179 17.2685 0.00675041 17.2510 0.0151019 0.18781700 
148736 18.0673 0.0120967 19.8882 0.00519036 20.3786 0.0381893 17.4543 0.00560200 17.3882 0.0135766 0.30555100 
148986 18.4364 0.00944539 19.1970 0.00117359 18.5828 0.00432228 18.2062 0.00614179 18.0080 0.0143488 2.42612000 
149581 17.4923 0.0117923 19.2853 0.00482163 19.5097 0.0272772 16.9439 0.00601298 16.8490 0.0126163 0.25227500 
149264 19.9715 0.0533565 21.8826 0.0189337 21.5490 0.0874459 19.2755 0.0183314 19.1173 0.0429464 0.50571800 
149774 20.6385 0.0841552 22.2531 0.0321737 22.4400 0.130921 19.3938 0.0277974 19.2742 0.0569038 0.68676800 
150073 19.5729 0.0392743 21.2860 0.0163603 21.0350 0.0631504 18.8617 0.0177679 18.6103 0.0380935 0.43810000 
153883 17.2204 0.00698635 18.4556 0.00187054 18.1555 0.00925597 16.7129 0.00326388 16.5912 0.00831326 0.19629300 
153124 17.2537 0.00707700 18.6505 0.00232828 18.8095 0.0130220 16.7166 0.00378708 16.5486 0.00803175 0.19229200 
154102 19.0794 0.0275539 20.9798 0.0118884 21.3609 0.0816996 18.4122 0.0115394 18.3154 0.0304172 0.34371200 
155876 17.1559 0.00597075 18.5117 0.00165696 18.6327 0.0111144 16.6114 0.00281918 16.5082 0.00689139 0.14884100 
154571 19.8976 0.0347263 20.0689 0.00248152 19.6798 0.0113012 19.8420 0.0253685 19.8491 0.0731350 3.13180200 
158744 16.3041 0.00386243 17.3808 0.000887985 17.1308 0.00437850 15.8012 0.00189950 15.6497 0.00454600 0.07002200 
158174 19.8714 0.0490002 21.6053 0.0184006 21.5963 0.0870486 18.9924 0.0191370 18.9082 0.0467495 0.17034900 
158732 19.4694 0.0344649 21.3425 0.0178298 22.2307 0.113004 18.6312 0.0143739 18.6383 0.0315863 0.46677600 
159907 16.7933 0.00540324 18.0649 0.00149468 18.1504 0.00908550 16.2921 0.00267001 16.2123 0.00693285 0.14976500 
161672 16.1073 0.00237294 17.2448 0.000567681 17.2531 0.00330289 15.7320 0.00136920 15.5587 0.00298879 0.06005100 
159348 14.4231 0.00163849 15.2871 0.000341081 15.0082 0.00157699 13.9941 0.000893506 13.9192 0.00223778 0.06971200 
161501 17.2442 0.00762650 18.8682 0.00307259 19.2158 0.0190158 16.6840 0.00371425 16.5682 0.00878513 0.25519000 
161832 16.4024 0.00303848 17.6378 0.000847704 17.7250 0.00519404 15.9202 0.00156451 15.6726 0.00320923 0.06032400 
162273 18.7747 0.0228375 20.7896 0.00952752 21.3957 0.0762774 18.0938 0.0102343 17.9270 0.0227166 0.34060100 
164039 16.8314 0.00595598 18.0581 0.00166641 18.2658 0.00961896 16.3569 0.00293831 16.3522 0.00741738 0.14884900 
162837 19.8188 0.0560423 21.3459 0.0162427 21.8950 0.0923202 19.1214 0.0194228 18.6633 0.0424253 0.26980900 
164012 20.8836 0.0801390 21.1603 0.00615705 20.1929 0.0171321 20.5885 0.0550068 20.6192 0.106031 2.30899100 
164186 19.2963 0.0310617 21.2639 0.0146824 21.8928 0.0994512 18.4993 0.0140150 18.4210 0.0309342 0.38352200 
164185 20.3463 0.0733680 21.4085 0.0167582 20.3480 0.0417180 19.3989 0.0271913 19.1996 0.0609116 0.82582000 
165444 16.8249 0.00500649 18.1825 0.00147049 18.2269 0.00859764 16.3581 0.00255370 16.1734 0.00585341 0.15337900 
166435 18.7152 0.0189761 20.8264 0.00887403 21.4005 0.0765474 18.0213 0.00833678 17.8501 0.0195552 0.37132300 
167667 18.4156 0.0175245 19.9145 0.00577535 19.4073 0.0227489 17.8628 0.00852483 17.7052 0.0199883 0.29400000 
167808 20.0112 0.0594476 21.6362 0.0206983 21.2475 0.0689330 19.1945 0.0241140 19.2488 0.0617089 0.52800600 
167879 18.4423 0.0212962 19.9938 0.00870946 20.3606 0.0484669 17.7707 0.0103243 17.6783 0.0217976 0.25524000 
167443 14.7603 0.00121303 15.8093 0.000272150 15.5083 0.00132657 14.3186 0.000620284 14.2173 0.00159213 0.03882700 
168439 21.7388 0.134152 21.3589 0.00734102 20.4458 0.0198413 22.0323 0.123761 21.1686 0.158473 2.60775900 
168559 19.8587 0.0428878 21.9253 0.0164331 22.7142 0.153538 19.1620 0.0178831 19.1002 0.0454424 0.44031100 
168252 18.4847 0.0181498 20.3149 0.00886226 20.9214 0.0689688 17.8392 0.00794776 17.6741 0.0182198 0.38784900 
168712 18.4235 0.0153474 19.9221 0.00529472 20.1003 0.0351356 17.8035 0.00660242 17.6779 0.0158379 0.25210300 
168896 19.0600 0.0273186 20.9308 0.0115039 21.2390 0.0798975 18.4352 0.0124715 18.3986 0.0319185 0.35922100 
168960 18.2653 0.0167278 20.3226 0.00866949 21.0627 0.0682527 17.5160 0.00729699 17.4440 0.0170420 0.38397100 
169525 18.9959 0.0201239 20.9551 0.00835139 21.2463 0.0776924 18.3473 0.00877840 18.1119 0.0214382 0.37491200 
170223 19.1023 0.0251889 20.9398 0.0116307 21.8036 0.0972015 18.3098 0.0117887 18.2459 0.0266706 0.34789400 
170483 20.1448 0.0387076 21.1507 0.00866056 20.2544 0.0231985 19.1494 0.0159425 19.0524 0.0386067 0.60778500 
170491 19.8711 0.0468752 21.9796 0.0192531 22.4760 0.128130 19.1833 0.0205207 19.0659 0.0430418 0.50291100 
170692 19.2049 0.0267758 21.1146 0.0109257 20.9876 0.0734445 18.4805 0.0126030 18.2581 0.0310590 0.36047600 
170676 20.5661 0.0791966 22.7323 0.0305570 23.0437 0.138733 19.2500 0.0226226 19.0773 0.0470515 0.80489300 
170994 19.0095 0.0256418 20.8463 0.00963323 21.4695 0.0814242 18.2892 0.0115002 18.1907 0.0257221 0.33003400 
171186 19.8701 0.0343842 20.3424 0.00334140 19.6976 0.0109192 19.4157 0.0198944 19.1435 0.0329712 2.56919900 
171779 19.8624 0.0486206 21.9474 0.0209543 22.3417 0.114778 19.1164 0.0186901 19.0602 0.0443015 0.49525900 
172750 19.4284 0.0262186 21.2510 0.0139107 22.0785 0.115494 18.6660 0.0127371 18.5329 0.0295863 0.39531200 
173412 19.7247 0.0326052 19.7219 0.00200772 18.5580 0.00438028 19.5562 0.0238793 19.8348 0.0678690 2.53308700 
174723 20.7041 0.0557140 21.1415 0.00657489 20.9340 0.0328410 20.6937 0.0568544 20.5256 0.129136 3.04028800 
175567 17.3452 0.00722566 18.9622 0.00312552 19.2319 0.0195082 16.7459 0.00355373 16.6807 0.00817478 0.25885800 
176120 17.2445 0.00869330 18.8631 0.00348208 19.2675 0.0210791 16.6565 0.00421970 16.6352 0.00973417 0.25700000 
178135 19.6517 0.0500729 21.4413 0.0147022 20.3779 0.0489206 19.2284 0.0238018 19.0300 0.0495517 0.50983200 
178181 19.5001 0.0279373 19.9542 0.00212362 19.4946 0.00947993 19.3312 0.0184652 19.4274 0.0503402 3.07936900 
178620 17.9816 0.0128136 19.8227 0.00551015 20.2806 0.0360194 17.3184 0.00620781 17.2530 0.0136626 0.32061700 
178391 14.1022 0.000873771 15.2240 0.000261425 15.3601 0.00133089 13.5790 0.000479346 13.4954 0.00110901 0.05785700 
179090 18.0558 0.0149323 20.2582 0.00767859 21.1714 0.0659584 17.3772 0.00658185 17.2323 0.0151663 0.37248400 
179520 19.1860 0.0310106 21.0244 0.0139822 21.9880 0.0996470 18.4520 0.0132875 18.2052 0.0270487 0.42343700 
179104 15.9052 0.00272466 16.8669 0.000582075 16.5310 0.00259734 15.4696 0.00143679 15.4533 0.00381845 0.07121800 
180235 19.7043 0.0447290 21.6858 0.0202101 21.5020 0.0847970 19.0775 0.0164811 18.9100 0.0420165 0.49469500 
181402 19.2010 0.0315597 21.0434 0.0142639 21.6731 0.0872956 18.5809 0.0131526 18.3680 0.0274956 0.39371900 
181826 20.1043 0.0524360 22.1815 0.0238488 22.7543 0.166707 19.3476 0.0194729 19.0328 0.0412803 0.48636000 
182084 17.3803 0.00706812 18.8495 0.00226760 18.9558 0.0137205 16.8686 0.00343464 16.7993 0.00870894 0.22893400 
182214 17.8289 0.0102841 19.3680 0.00360420 19.6302 0.0233807 17.2478 0.00467999 17.0257 0.0106447 0.21921300 
182218 19.0928 0.0274990 21.2019 0.0131457 21.8292 0.105379 18.3996 0.0124444 18.0833 0.0262823 0.40161300 
183559 20.7297 0.0936835 21.8700 0.0180636 20.9651 0.0508412 19.8582 0.0297079 20.0589 0.0943550 0.69586300 
185356 20.2132 0.0637106 21.9529 0.0251948 23.1634 0.163378 19.3304 0.0237548 19.3057 0.0636038 0.51950300 
187448 19.2437 0.0176742 19.4555 0.00145285 18.9130 0.00589524 19.0861 0.0142991 18.9709 0.0412265 3.19475200 
187996 19.9653 0.0525628 21.9408 0.0219174 23.0279 0.149916 19.2996 0.0205424 19.1255 0.0480574 0.51385600 
188122 20.7240 0.0828968 22.0352 0.0178427 21.2718 0.0570052 19.7502 0.0270507 19.4977 0.0618270 0.70412700 
188900 18.3660 0.0170027 20.2828 0.00679088 20.3700 0.0441659 17.6930 0.00726105 17.6899 0.0182453 0.32253700 
191071 19.0451 0.0281755 21.1733 0.0155077 21.9580 0.101361 18.3055 0.0121055 18.2273 0.0273101 0.41100100 
191279 20.2510 0.0653361 21.9723 0.0222477 21.6273 0.0892076 19.4718 0.0281329 19.4621 0.0640922 0.52457800 
191703 20.0637 0.0529183 21.8581 0.0222758 22.6026 0.125447 19.3333 0.0211232 18.8191 0.0444283 0.35219700 
191770 19.1186 0.0278051 21.0347 0.0132558 21.4664 0.0912100 18.4442 0.0115967 18.1855 0.0230933 0.41081200 
192124 19.6923 0.0425989 21.9020 0.0228060 22.8041 0.140533 18.8218 0.0170578 18.7771 0.0395638 0.49961300 
192167 20.4720 0.0586824 20.5128 0.00379868 19.5003 0.00995142 20.3356 0.0466089 20.1929 0.103614 2.57407300 
193056 20.4289 0.0743189 22.5736 0.0332736 22.4091 0.127780 19.6188 0.0299837 19.3738 0.0639263 0.68908500 
193290 17.4448 0.00756353 18.8868 0.00227029 19.0618 0.0130874 16.9325 0.00354484 16.7861 0.00890377 0.19164600 
